RT_L2_DATA short int wav_sample = {0,
0,
0,
0,
-1,
-1,
-1,
-1,
0,
-1,
0,
-1,
0,
-1,
0,
-1,
-1,
-1,
-1,
-1,
-1,
-1,
-1,
0,
-1,
0,
0,
-1,
-1,
0,
0,
0,
0,
0,
0,
0,
0,
-1,
0,
0,
0,
0,
0,
0,
-1,
0,
0,
0,
0,
-1,
-1,
-1,
-1,
0,
0,
0,
-1,
0,
0,
-1,
0,
0,
0,
-1,
-1,
-1,
-1,
0,
0,
0,
0,
0,
0,
0,
0,
0,
0,
0,
0,
0,
0,
0,
0,
0,
0,
0,
0,
-1,
0,
0,
0,
0,
-1,
-1,
-1,
-1,
0,
0,
-1,
-1,
0,
-1,
0,
0,
0,
-1,
-1,
-1,
-1,
0,
0,
0,
0,
0,
0,
0,
0,
0,
0,
0,
0,
0,
0,
0,
0,
0,
0,
0,
0,
0,
0,
0,
0,
0,
0,
-1,
-1,
-1,
0,
0,
0,
0,
0,
0,
-1,
0,
0,
0,
-1,
-1,
-1,
0,
0,
0,
0,
0,
-1,
0,
0,
0,
0,
0,
0,
0,
0,
0,
0,
0,
0,
1,
0,
0,
0,
0,
0,
0,
0,
-1,
-1,
-1,
-1,
0,
1,
0,
-1,
0,
0,
-1,
1,
1,
0,
-1,
-1,
-1,
0,
1,
1,
0,
1,
0,
0,
0,
1,
1,
1,
1,
1,
3,
1,
1,
1,
0,
0,
0,
-1,
0,
0,
1,
1,
1,
1,
-1,
-1,
-1,
0,
0,
0,
1,
0,
1,
1,
0,
1,
0,
-1,
-1,
1,
1,
0,
0,
0,
1,
1,
0,
-1,
1,
1,
1,
1,
3,
3,
1,
0,
-1,
0,
0,
-1,
1,
1,
-1,
0,
1,
0,
1,
1,
-1,
1,
1,
1,
-1,
0,
-1,
-1,
-1,
-5,
-1,
1,
-1,
0,
0,
-1,
-3,
-3,
1,
1,
1,
-3,
-3,
-1,
-3,
-3,
-1,
-1,
1,
-3,
-3,
-3,
0,
1,
3,
3,
0,
-1,
1,
1,
3,
3,
-3,
-1,
-3,
-3,
-5,
-5,
-5,
-3,
-5,
-5,
0,
3,
1,
1,
0,
-1,
1,
1,
0,
1,
5,
-1,
-3,
-1,
1,
-1,
-1,
3,
5,
5,
-1,
0,
1,
1,
0,
1,
0,
1,
1,
3,
8,
5,
1,
-5,
0,
-1,
-5,
-1,
-3,
-3,
-5,
-3,
-3,
-8,
-1,
-5,
-10,
-8,
-1,
3,
-1,
1,
-1,
-1,
-1,
-1,
0,
0,
-5,
-3,
5,
5,
5,
-1,
1,
1,
1,
-5,
-3,
3,
-1,
1,
3,
1,
-3,
0,
1,
3,
10,
5,
0,
3,
0,
0,
-5,
-3,
-5,
-5,
-6,
-10,
-1,
0,
0,
0,
-3,
-1,
1,
1,
8,
3,
3,
-3,
0,
3,
1,
1,
-5,
-1,
-1,
-8,
-6,
-1,
1,
3,
-5,
-6,
-5,
-3,
-5,
-5,
3,
-3,
-8,
-6,
-10,
-5,
-8,
-10,
-5,
-3,
-5,
-8,
0,
-5,
-5,
0,
-3,
-5,
-1,
-1,
-6,
0,
-5,
-10,
-8,
-8,
-1,
-1,
-1,
-3,
1,
0,
-8,
-3,
-1,
1,
-1,
-6,
-5,
3,
-3,
-5,
-6,
-3,
-5,
-3,
5,
-3,
0,
1,
-1,
1,
-5,
-1,
-10,
-13,
-1,
-6,
1,
1,
3,
-5,
-13,
-5,
-6,
-8,
-8,
-13,
-3,
-1,
-3,
3,
1,
5,
0,
-1,
-3,
-1,
1,
-1,
5,
6,
-3,
-1,
-8,
-17,
-3,
8,
5,
0,
3,
1,
-3,
1,
3,
-1,
-6,
-10,
-10,
-6,
-5,
-1,
1,
-8,
-12,
-12,
-1,
10,
5,
3,
1,
3,
3,
-3,
5,
-1,
5,
3,
0,
5,
0,
15,
19,
12,
8,
3,
-5,
-5,
3,
10,
3,
8,
3,
-12,
3,
-3,
1,
8,
5,
6,
3,
10,
8,
13,
22,
5,
13,
5,
0,
12,
10,
1,
-10,
-5,
-8,
-3,
-10,
-10,
-6,
1,
-10,
-6,
-3,
-6,
1,
5,
0,
-10,
-10,
-8,
-1,
-10,
-17,
-17,
-8,
-12,
-12,
-5,
-3,
-13,
-3,
-1,
1,
-12,
-6,
8,
-3,
12,
15,
10,
5,
3,
5,
-5,
-5,
-3,
-12,
8,
-3,
-10,
0,
-8,
0,
-8,
-8,
-8,
-5,
6,
5,
20,
8,
5,
25,
-5,
-31,
-13,
-6,
1,
17,
15,
1,
-3,
13,
0,
5,
6,
-8,
-12,
-12,
8,
3,
-1,
8,
0,
3,
-6,
8,
15,
15,
24,
5,
17,
-3,
12,
5,
13,
8,
-3,
3,
1,
0,
10,
13,
17,
3,
-10,
1,
3,
8,
1,
32,
1,
-6,
25,
-17,
-27,
15,
-10,
15,
5,
-29,
1,
13,
-3,
-24,
27,
3,
-17,
10,
-15,
15,
-12,
-15,
-5,
19,
6,
-10,
3,
13,
-10,
8,
-3,
8,
-3,
-1,
-10,
-6,
22,
8,
1,
-1,
13,
20,
-34,
-216,
-114,
-128,
-95,
-91,
-119,
-77,
-93,
-72,
-198,
-110,
17,
-84,
-55,
3,
-119,
-43,
-12,
-32,
-83,
-34,
-69,
-169,
-186,
-171,
-188,
-103,
-178,
-178,
-167,
-259,
-275,
-382,
-352,
-363,
-340,
-389,
-411,
-425,
-370,
-323,
-247,
-335,
-544,
-593,
-515,
-548,
-539,
-539,
-643,
-719,
-624,
-671,
-672,
-603,
-624,
-591,
-643,
-591,
-551,
-543,
-527,
-527,
-633,
-581,
-674,
-733,
-773,
-676,
-603,
-586,
-498,
-406,
-345,
-316,
-235,
-150,
-174,
-157,
-27,
-103,
39,
129,
238,
238,
257,
375,
278,
261,
287,
344,
339,
446,
489,
461,
333,
423,
342,
209,
95,
84,
72,
12,
55,
-13,
39,
15,
8,
-5,
-34,
-197,
-128,
-164,
-230,
-186,
-27,
-41,
-77,
-25,
-226,
-288,
-266,
-240,
-434,
-444,
-451,
-456,
-622,
-633,
-558,
-660,
-752,
-875,
-840,
-930,
-1176,
-1013,
-859,
-1051,
-1062,
-1049,
-1091,
-1183,
-1041,
-1131,
-1210,
-1124,
-1029,
-816,
-887,
-975,
-1006,
-1155,
-1034,
-1044,
-1274,
-1245,
-1110,
-946,
-603,
-399,
-309,
-205,
98,
131,
122,
112,
389,
306,
359,
529,
373,
612,
550,
724,
1162,
1231,
954,
847,
1070,
1347,
1549,
1821,
1304,
1589,
1705,
2233,
2482,
2385,
2461,
2297,
2985,
2174,
2430,
2034,
1930,
1992,
1992,
1600,
1719,
2124,
1859,
2644,
1980,
1932,
2836,
2461,
2283,
1399,
411,
956,
-1551,
-444,
-2456,
-4841,
-3658,
-2995,
-5820,
-4023,
-8077,
-8563,
-6989,
-5270,
-5931,
-6427,
-5884,
-3985,
-2482,
1382,
1065,
1428,
5242,
7840,
8387,
10153,
10819,
11596,
12208,
13450,
13362,
15415,
17158,
20502,
22853,
22379,
23629,
28803,
31413,
28796,
27988,
25679,
20123,
21125,
21317,
22150,
17551,
15185,
18947,
15851,
10940,
12402,
7415,
3552,
-2667,
-4137,
-5628,
-6111,
-9319,
-7638,
-6671,
-9231,
-14272,
-13642,
-12658,
-14538,
-19037,
-21915,
-23705,
-21023,
-19644,
-22991,
-26959,
-23951,
-19713,
-21675,
-26876,
-27744,
-25541,
-22488,
-23766,
-29149,
-28843,
-21875,
-20120,
-24828,
-27829,
-22621,
-20158,
-24610,
-26608,
-24854,
-22557,
-23036,
-24470,
-21673,
-17418,
-18009,
-17112,
-13523,
-12922,
-13280,
-10560,
-10658,
-12908,
-8842,
-2253,
-4184,
-7906,
276,
8643,
7323,
2845,
6716,
12774,
12919,
8582,
8901,
14346,
15505,
15911,
20040,
22201,
22505,
24795,
28369,
26829,
23979,
24328,
23131,
19521,
20656,
23598,
21265,
18402,
25504,
30593,
28146,
21683,
24062,
25039,
22692,
16038,
11030,
12761,
14917,
11829,
12237,
12272,
17650,
24700,
20981,
14578,
13332,
17314,
16015,
8645,
3654,
10700,
11248,
7024,
5965,
7467,
11791,
15847,
10501,
7527,
5810,
6420,
5227,
4493,
-4549,
-6801,
-3578,
-3710,
-4409,
-2257,
-4822,
-572,
463,
596,
-4319,
-9067,
-14206,
-12391,
-13538,
-12462,
-12239,
-15166,
-14133,
48,
72,
-1309,
-3248,
-3708,
-4000,
-3381,
-8107,
-5154,
-148,
-1871,
2463,
-662,
-2688,
-4322,
1421,
7552,
3597,
-8875,
19,
3456,
2494,
2523,
2229,
532,
2523,
6289,
6339,
2257,
968,
2949,
5799,
1269,
-3936,
-5113,
-7652,
-8551,
-8837,
-8252,
-11341,
-7941,
-9259,
-8235,
-5898,
-5502,
-2860,
-10068,
-11516,
-10598,
-11715,
-11360,
-17437,
-17679,
-17601,
-18911,
-24029,
-18788,
-20282,
-19902,
-20457,
-18260,
-24129,
-21486,
-24396,
-21609,
-20289,
-21545,
-21851,
-20237,
-23354,
-22431,
-16214,
-20338,
-22860,
-20862,
-18985,
-17646,
-22614,
-25970,
-21298,
-17091,
-16024,
-19649,
-16323,
-13403,
-11149,
-4274,
-3782,
-4064,
-4308,
1039,
1105,
-1356,
-3386,
-1904,
595,
3855,
2980,
6220,
9539,
10909,
10719,
18317,
16072,
13415,
16294,
19312,
23344,
24141,
20843,
21915,
24930,
26328,
27224,
30415,
27025,
29000,
28962,
30040,
24906,
22886,
24069,
27013,
25485,
23877,
25420,
28779,
28142,
30047,
31686,
32735,
30925,
28310,
28016,
25923,
23406,
19777,
20263,
18783,
18935,
13220,
18430,
18084,
16989,
15391,
19243,
10359,
10331,
7607,
10831,
10916,
8256,
3371,
4485,
5882,
4080,
3917,
612,
-4725,
-5059,
-6031,
-6547,
-11284,
-13533,
-14047,
-12400,
-10876,
-14469,
-14199,
-14069,
-14308,
-11264,
-11846,
-9831,
-15705,
-16079,
-15437,
-14278,
-15079,
-18317,
-18930,
-16842,
-17695,
-17980,
-14789,
-15929,
-18444,
-14607,
-14948,
-17138,
-15520,
-14562,
-8790,
-9534,
-10746,
-10677,
-9719,
-8768,
-10283,
-10819,
-14526,
-14479,
-16034,
-15602,
-15292,
-19236,
-18758,
-16197,
-16008,
-16940,
-18072,
-15271,
-13991,
-13002,
-10418,
-11480,
-8724,
-13919,
-11701,
-11739,
-8456,
-8382,
-8764,
-10893,
-7389,
-10475,
-9835,
-9980,
-10208,
-9664,
-1589,
-4618,
-3722,
-4227,
-1093,
2032,
1463,
-558,
-691,
1485,
2245,
1781,
1831,
-2049,
-2181,
-5137,
-3381,
-2771,
-5154,
-7041,
-4288,
-2304,
-2591,
-1644,
966,
157,
3184,
4663,
7316,
7168,
6017,
8354,
10700,
12995,
11189,
11547,
9696,
11222,
8456,
10641,
11936,
11786,
14055,
19239,
15697,
16861,
16940,
21479,
22906,
22863,
20997,
21315,
23865,
23237,
23827,
21296,
18186,
16740,
16740,
19355,
16157,
11867,
11808,
12419,
14206,
12386,
13384,
14211,
13531,
16345,
16873,
20229,
14844,
14431,
13016,
15145,
13197,
11988,
8382,
8607,
7648,
5943,
5853,
5320,
-624,
3808,
5562,
2914,
352,
-359,
2807,
3667,
2885,
252,
-605,
404,
-1132,
-576,
-3632,
-6699,
-9973,
-9186,
-8923,
-13479,
-17115,
-18203,
-17352,
-14804,
-15949,
-14581,
-15238,
-13841,
-11931,
-10926,
-8921,
-13209,
-12350,
-12021,
-9980,
-12609,
-11590,
-14382,
-12310,
-14484,
-15437,
-15252,
-14967,
-18385,
-12435,
-11938,
-12154,
-15029,
-12521,
-8631,
-7598,
-7692,
-9390,
-7257,
-5587,
-5818,
-4992,
-7901,
-9667,
-11613,
-9454,
-9266,
-12993,
-14739,
-13441,
-11063,
-10791,
-10686,
-8501,
-9214,
-5874,
-4637,
-1024,
-1330,
-3032,
-3364,
-1757,
-586,
-1743,
-1916,
-2243,
-951,
-2482,
-3144,
-966,
-4199,
-5140,
695,
593,
119,
-2952,
-1177,
2497,
3473,
3450,
1378,
4090,
4846,
6583,
6370,
4853,
2432,
845,
3068,
1987,
-1982,
-3661,
-3853,
-1107,
-1508,
20,
1506,
847,
4549,
5128,
10271,
7657,
7119,
5851,
9885,
9138,
10141,
7287,
9387,
9492,
9620,
7885,
11303,
5920,
9388,
12941,
13701,
11962,
10151,
14194,
17778,
18003,
17020,
16463,
19193,
20030,
21820,
21248,
19106,
16762,
16802,
18774,
15588,
11262,
10112,
10878,
12407,
10681,
12995,
11815,
12488,
13808,
15261,
17821,
14508,
13353,
12627,
15102,
13026,
12156,
9542,
10627,
9669,
7896,
6777,
7441,
1200,
3151,
4492,
3983,
-1101,
-2447,
406,
1146,
845,
-2454,
-3208,
-2800,
-3151,
-2722,
-4907,
-7719,
-11322,
-12393,
-11691,
-15975,
-20488,
-22135,
-21403,
-21467,
-22984,
-20620,
-22600,
-21256,
-21934,
-17553,
-17255,
-19231,
-21581,
-19734,
-18540,
-18582,
-20682,
-21019,
-20158,
-18874,
-21208,
-18681,
-19983,
-22685,
-19843,
-17446,
-17266,
-20696,
-19762,
-16001,
-13756,
-13296,
-15276,
-13147,
-11390,
-9138,
-7674,
-8283,
-9392,
-11141,
-9413,
-7505,
-10461,
-12782,
-12583,
-9349,
-8918,
-7403,
-4542,
-4462,
-1805,
-1148,
4810,
4853,
5017,
3016,
7603,
7628,
9196,
6832,
9150,
9977,
11945,
9669,
13889,
10412,
10108,
12265,
14877,
13898,
10475,
11890,
14671,
16525,
15254,
13403,
14989,
16041,
17824,
17921,
15979,
13592,
11641,
13066,
13021,
8731,
5462,
4668,
7181,
5128,
7086,
6920,
7365,
7252,
9138,
12701,
11921,
9281,
7522,
9158,
9375,
9141,
6797,
7394,
8591,
8212,
7185,
9200,
4952,
4625,
6261,
8451,
6265,
2781,
4291,
5896,
7448,
5216,
4459,
5289,
6137,
7884,
7607,
6074,
3739,
2501,
3983,
3165,
-925,
-3618,
-3198,
-1195,
-3686,
-901,
-2136,
-717,
-2319,
1466,
2395,
2715,
-1312,
-347,
-107,
1688,
-667,
-1408,
-1868,
913,
-2205,
-752,
-1274,
-4192,
-4211,
-2335,
-887,
-4104,
-6572,
-5099,
-3414,
-2286,
-4851,
-5185,
-5125,
-3973,
-2186,
-3072,
-5272,
-7737,
-8377,
-6910,
-8835,
-12606,
-15730,
-14163,
-14166,
-15161,
-13472,
-13917,
-13303,
-14472,
-10229,
-9354,
-9459,
-13630,
-11782,
-11717,
-9894,
-12663,
-12971,
-12905,
-10376,
-13232,
-9830,
-11646,
-13016,
-12526,
-9842,
-8389,
-11357,
-12263,
-10290,
-7591,
-6991,
-8588,
-7930,
-7351,
-5095,
-2919,
-3082,
-4564,
-5953,
-4922,
-3011,
-4957,
-7342,
-9290,
-5791,
-6306,
-4587,
-3481,
-1574,
-2122,
-344,
3158,
5882,
4277,
2900,
4012,
6135,
6920,
5856,
4805,
7384,
7967,
7462,
10008,
8304,
7398,
8463,
11639,
12255,
9122,
8624,
10252,
12575,
12011,
10632,
10966,
11244,
13614,
14692,
14138,
11765,
9918,
10954,
11980,
9318,
6135,
4618,
7384,
5673,
7342,
7150,
9008,
6621,
9798,
11611,
14533,
10350,
10298,
9560,
12165,
10250,
9442,
7309,
10866,
8856,
9942,
10172,
8098,
6834,
7742,
10283,
9167,
5683,
5139,
6832,
8245,
6668,
5227,
4644,
4583,
6529,
7045,
5656,
2727,
1202,
2347,
1786,
-890,
-5322,
-5291,
-4530,
-5303,
-4753,
-4191,
-3781,
-5429,
-2952,
-837,
473,
-3528,
-4007,
-4476,
-2400,
-4189,
-5715,
-6986,
-4421,
-6872,
-4874,
-5806,
-7579,
-8748,
-7477,
-5197,
-6903,
-9672,
-9897,
-8124,
-7313,
-9330,
-10065,
-10916,
-10234,
-8451,
-7671,
-9411,
-11879,
-12801,
-11293,
-12343,
-14835,
-18968,
-16935,
-17264,
-16290,
-16771,
-14183,
-15510,
-14626,
-13144,
-9107,
-9930,
-11348,
-12502,
-10534,
-9418,
-9736,
-12460,
-10750,
-9247,
-9513,
-7071,
-7662,
-8318,
-8306,
-5645,
-3347,
-4711,
-6163,
-5292,
-2494,
-1039,
-2162,
-1741,
-1710,
588,
3046,
4339,
2829,
1293,
2013,
4243,
4047,
1297,
-1058,
1482,
1679,
3274,
3257,
6642,
4936,
7403,
9222,
14320,
12199,
11883,
10328,
13436,
13493,
13585,
10715,
13879,
13443,
14713,
16053,
14932,
13872,
13960,
16589,
17676,
15889,
14239,
14761,
16982,
16973,
15448,
14770,
14100,
15401,
17120,
16710,
14147,
11737,
12502,
12556,
11329,
6514,
5223,
5472,
5666,
4606,
5190,
5967,
4421,
4997,
7036,
9347,
6759,
4751,
3265,
4839,
4511,
2487,
-20,
2165,
309,
1575,
1345,
-309,
-2096,
-2023,
174,
76,
-2430,
-4030,
-3616,
-1812,
-3139,
-4512,
-5865,
-6235,
-5042,
-3303,
-4201,
-6816,
-8875,
-7676,
-7754,
-8821,
-13747,
-13261,
-13696,
-12215,
-13953,
-11179,
-12230,
-11687,
-11694,
-7162,
-6704,
-7197,
-9707,
-8709,
-7707,
-6204,
-9484,
-9458,
-8216,
-8510,
-6332,
-6285,
-7157,
-8247,
-6932,
-4402,
-4485,
-6410,
-7382,
-5974,
-3793,
-4592,
-5168,
-6019,
-5576,
-3673,
-2006,
-2663,
-5185,
-5709,
-4722,
-4073,
-6208,
-9769,
-9127,
-8866,
-7726,
-8845,
-5716,
-6763,
-5671,
-5512,
-558,
-837,
-1124,
-3672,
-1840,
-987,
152,
-3571,
-1847,
-1807,
-951,
799,
607,
-276,
-1020,
873,
2873,
2361,
688,
304,
2656,
4012,
3201,
2516,
2001,
2373,
4751,
6069,
5289,
2393,
3134,
3724,
5102,
1164,
-437,
-975,
932,
394,
1447,
2784,
2893,
2688,
4858,
8273,
8449,
6683,
5298,
6368,
8254,
7569,
4722,
6375,
5652,
7216,
8486,
8122,
6794,
6528,
8565,
10333,
9378,
7569,
7067,
9472,
9880,
9060,
7925,
7301,
7974,
10596,
11668,
9994,
7242,
7916,
8368,
8894,
4011,
3381,
2092,
4391,
2226,
4559,
3898,
4614,
2836,
6446,
7811,
8364,
5059,
4578,
4426,
6707,
3547,
1920,
2309,
1387,
2928,
3156,
2051,
136,
-119,
1176,
1817,
-48,
-2364,
-2762,
-1018,
-1492,
-2919,
-4476,
-5581,
-4763,
-3155,
-2840,
-6045,
-7958,
-8371,
-7257,
-8937,
-13111,
-14574,
-14820,
-13735,
-15513,
-13775,
-14204,
-13882,
-15055,
-11329,
-10108,
-10051,
-13106,
-13197,
-12511,
-10345,
-14144,
-14090,
-14092,
-13958,
-11914,
-11338,
-12149,
-13559,
-12843,
-10570,
-9729,
-10985,
-12540,
-11194,
-9210,
-9027,
-9861,
-10423,
-10938,
-8998,
-6735,
-5706,
-8510,
-8432,
-8344,
-5329,
-8019,
-9428,
-11168,
-8617,
-8605,
-7247,
-5946,
-4096,
-4630,
-3042,
454,
3338,
2765,
1672,
1584,
4575,
6213,
3703,
4902,
4903,
6270,
8510,
9496,
8807,
8257,
9674,
12248,
12955,
11755,
10407,
12236,
13777,
13502,
12540,
11812,
11568,
13256,
15517,
15123,
12421,
11954,
12246,
14138,
10293,
8678,
6311,
8956,
6984,
8556,
8093,
9769,
7366,
9655,
11397,
13578,
10949,
9809,
8437,
11545,
10098,
7614,
7522,
6453,
7366,
8543,
8413,
6429,
5431,
6386,
7849,
7384,
4914,
3338,
4452,
5171,
4023,
2781,
992,
671,
1774,
3938,
1629,
-501,
-2316,
-854,
-1046,
-3931,
-6970,
-7839,
-6896,
-8039,
-7176,
-6811,
-6413,
-8141,
-5971,
-3800,
-2613,
-4943,
-6496,
-7088,
-4097,
-6553,
-7749,
-8197,
-8745,
-7456,
-6083,
-6306,
-8038,
-8586,
-6993,
-5407,
-5664,
-7963,
-8273,
-6825,
-6000,
-6887,
-7593,
-9056,
-8655,
-6868,
-4454,
-6815,
-7491,
-8958,
-5867,
-7351,
-8697,
-12317,
-10608,
-11023,
-9850,
-9970,
-7562,
-8567,
-8328,
-6455,
-2895,
-2909,
-3789,
-5808,
-4260,
-1838,
-4070,
-4419,
-4893,
-4478,
-2717,
-1143,
-1411,
-2656,
-2371,
-162,
1551,
1046,
-968,
-560,
1304,
2009,
1646,
660,
-200,
304,
3355,
4689,
2945,
1726,
1413,
4244,
2639,
965,
-2072,
1,
-811,
814,
550,
3210,
1323,
2459,
4346,
7977,
7169,
6607,
4057,
6922,
7757,
5856,
5490,
4587,
5092,
6699,
8140,
7396,
5996,
6550,
8423,
9741,
8404,
6531,
6934,
8544,
8479,
8029,
6386,
5628,
5510,
8783,
8093,
7015,
4243,
5434,
6163,
5284,
1816,
454,
669,
595,
645,
1423,
2542,
1079,
1731,
4272,
6420,
5704,
4175,
2056,
5095,
4360,
3037,
2423,
1662,
2108,
3808,
4786,
3580,
2217,
3251,
4912,
5924,
4028,
2542,
3163,
4308,
3848,
3066,
1243,
197,
743,
3822,
2328,
1326,
-1717,
690,
27,
-477,
-5184,
-4825,
-6138,
-4998,
-6375,
-4251,
-5149,
-5704,
-5728,
-2310,
-1790,
-1842,
-4884,
-5642,
-3115,
-4499,
-5649,
-6896,
-7617,
-7081,
-5351,
-5019,
-6740,
-7707,
-6631,
-4919,
-4488,
-6671,
-8088,
-6965,
-6356,
-6439,
-7650,
-8887,
-10395,
-8219,
-6278,
-6723,
-8693,
-10302,
-8202,
-8069,
-9402,
-12988,
-12218,
-12753,
-11504,
-12198,
-9406,
-10238,
-10176,
-9224,
-5234,
-4585,
-4012,
-7162,
-5683,
-3573,
-4535,
-5031,
-5704,
-5742,
-4405,
-2065,
-1352,
-2667,
-2381,
-778,
1731,
1947,
494,
224,
2364,
3068,
3746,
2814,
2383,
1250,
5026,
5893,
6848,
3914,
4938,
6240,
7965,
4988,
3715,
3473,
4620,
4621,
5718,
7493,
7349,
6825,
9254,
12094,
13106,
12445,
9357,
11609,
12583,
11592,
10572,
9669,
9297,
10509,
12300,
12021,
10113,
10056,
11253,
13182,
12206,
9907,
9435,
10483,
10501,
10027,
8505,
6536,
5488,
8256,
8136,
7946,
3820,
4933,
4922,
5917,
1055,
285,
-1539,
-415,
-2264,
-505,
-567,
-1058,
-2727,
224,
1254,
2492,
-126,
-2544,
-735,
-783,
-1982,
-3392,
-4592,
-5154,
-4025,
-2473,
-3620,
-5102,
-5142,
-3381,
-2137,
-3392,
-5735,
-5282,
-4786,
-4246,
-5376,
-6097,
-8785,
-7680,
-6130,
-5049,
-6742,
-8999,
-8214,
-6875,
-7308,
-10890,
-11530,
-11987,
-11255,
-12196,
-10158,
-9764,
-10309,
-10603,
-7181,
-5765,
-4033,
-7060,
-7548,
-5491,
-5339,
-6194,
-7022,
-7467,
-7088,
-5142,
-3232,
-4341,
-4903,
-4336,
-1591,
-539,
-1743,
-3305,
-1873,
-985,
44,
-1013,
-1437,
-4111,
-1454,
-634,
1643,
-1496,
-1728,
-1575,
1477,
-882,
-2554,
-4170,
-2980,
-3644,
-2713,
-1420,
-306,
-1977,
-622,
2046,
4300,
4948,
1792,
2260,
4070,
4146,
3244,
2444,
2103,
2580,
4829,
6124,
4895,
4293,
5175,
7754,
8482,
6706,
5905,
6796,
7970,
8098,
7603,
5972,
4272,
6398,
7384,
8802,
5450,
5405,
5720,
8268,
4860,
3545,
1695,
3023,
1478,
2902,
3440,
4256,
2013,
4146,
5656,
8138,
7183,
4203,
4990,
6038,
5313,
4068,
2843,
2167,
2048,
4243,
4224,
2947,
1816,
3027,
4981,
5012,
2340,
1964,
2086,
3397,
2304,
2397,
-932,
-937,
-257,
1857,
1065,
-1390,
-2447,
-487,
283,
-2328,
-4440,
-4941,
-4642,
-5400,
-4365,
-3002,
-3459,
-4761,
-2373,
-662,
2106,
8,
-2302,
-1018,
-231,
-835,
-1890,
-2807,
-3443,
-2888,
-358,
-655,
-1653,
-2667,
-792,
1288,
1022,
-1146,
-1207,
-806,
397,
-351,
-262,
-3964,
-2926,
-2852,
307,
-1838,
-3077,
-4654,
-1305,
-2290,
-3616,
-6441,
-5692,
-6818,
-6470,
-5908,
-3878,
-5818,
-5730,
-3983,
-1627,
371,
-2449,
-3748,
-2404,
-2053,
-2646,
-3732,
-4403,
-5370,
-3943,
-1999,
-2359,
-3734,
-4099,
-1987,
119,
-1207,
-2482,
-2693,
-1302,
-1198,
-906,
-2212,
-4538,
-3834,
-2696,
-152,
-2246,
-3608,
-3983,
-759,
-2219,
-3632,
-5945,
-4741,
-5839,
-4952,
-3945,
-2032,
-4222,
-2937,
-1288,
2117,
3213,
582,
598,
2281,
2686,
2283,
1459,
1179,
505,
3101,
4675,
4824,
3471,
4230,
6867,
9065,
7294,
6924,
6764,
9060,
8563,
10117,
7321,
6811,
6265,
9119,
9906,
8669,
6060,
7593,
9079,
8399,
5784,
4902,
4839,
4204,
4213,
5976,
6339,
4384,
5242,
6602,
9850,
9285,
6348,
6323,
7069,
6744,
5611,
4519,
3369,
2565,
4568,
5024,
4282,
2402,
2781,
4992,
5457,
3250,
2124,
1933,
3059,
2200,
2719,
-1068,
-1423,
-2732,
399,
-643,
-2118,
-5253,
-2662,
-2786,
-3383,
-7055,
-6915,
-8086,
-8236,
-8731,
-6386,
-7375,
-8356,
-7721,
-5810,
-2855,
-4448,
-6688,
-6145,
-5453,
-5564,
-6611,
-7095,
-8486,
-8034,
-6176,
-5512,
-6688,
-7785,
-6892,
-3798,
-4206,
-5206,
-6669,
-5253,
-5069,
-4059,
-4798,
-6882,
-7647,
-7020,
-4090,
-4409,
-6453,
-7610,
-5038,
-4538,
-5547,
-7866,
-7192,
-7692,
-7524,
-6702,
-3950,
-4972,
-4888,
-3966,
-901,
1954,
268,
-788,
280,
1065,
1214,
565,
435,
-1049,
444,
2243,
3248,
1909,
1458,
3033,
6119,
5161,
4658,
3172,
5393,
4703,
6780,
4459,
3893,
1842,
4166,
5569,
5784,
2400,
3153,
4301,
5405,
2719,
1722,
1402,
1344,
579,
2274,
3673,
2357,
2461,
3187,
6415,
7896,
5481,
4774,
5429,
5851,
5216,
4495,
3371,
1942,
3371,
4976,
4967,
3302,
2383,
4751,
6315,
5464,
3753,
3016,
4147,
3879,
5052,
2335,
1373,
-928,
1726,
2508,
1975,
-1617,
-470,
122,
918,
-2411,
-2968,
-4025,
-4332,
-5362,
-2897,
-2732,
-3905,
-3845,
-2963,
473,
857,
-1565,
-1686,
-1171,
-648,
-1553,
-1603,
-3328,
-3890,
-2504,
-555,
-1053,
-2189,
-2741,
799,
1399,
1677,
-705,
473,
370,
1911,
1717,
709,
-1077,
-1587,
736,
2345,
461,
-1472,
-638,
1107,
714,
-1721,
-2196,
-2463,
-3303,
-3469,
-624,
-1167,
-1745,
-1702,
-148,
3511,
2798,
671,
911,
1465,
1352,
294,
276,
-1767,
-1842,
-337,
1184,
250,
-1352,
-991,
2305,
2371,
1864,
-790,
780,
-17,
2151,
292,
-257,
-3405,
-2518,
-800,
691,
-2973,
-3710,
-3407,
-1098,
-3148,
-4768,
-5730,
-5638,
-7228,
-6208,
-4213,
-5166,
-5356,
-5438,
-2976,
195,
-1359,
-2561,
-2340,
-1525,
-2264,
-2250,
-2836,
-4322,
-4075,
-1753,
-906,
-1401,
-3331,
-1228,
911,
1747,
152,
-657,
171,
634,
2144,
802,
133,
-2321,
-690,
1636,
2345,
-646,
-544,
494,
2494,
415,
-411,
-802,
-615,
-1734,
480,
2037,
1719,
1897,
2155,
5614,
7941,
6412,
6109,
6612,
7458,
6510,
7282,
6017,
5045,
5268,
7813,
8001,
7444,
5358,
8468,
9425,
10596,
7543,
8107,
7294,
9100,
8565,
8264,
5820,
4300,
5057,
7906,
6263,
3971,
2885,
4628,
4831,
2803,
1160,
717,
-378,
-1285,
641,
1101,
299,
-480,
-358,
3165,
3623,
1731,
837,
1290,
800,
-44,
-72,
-1731,
-3416,
-2902,
-1267,
-1101,
-2952,
-4097,
-1515,
-527,
-408,
-3359,
-2689,
-3732,
-1681,
-2997,
-2668,
-5919,
-6631,
-5746,
-2821,
-5459,
-6813,
-7844,
-5163,
-5884,
-7169,
-8569,
-8352,
-9786,
-9710,
-7631,
-7256,
-7546,
-8252,
-6865,
-3065,
-3312,
-4473,
-4829,
-3620,
-4547,
-4149,
-4305,
-4983,
-6434,
-4495,
-3260,
-2243,
-4696,
-3464,
-1520,
887,
-259,
-980,
-776,
15,
1319,
1188,
1025,
-1314,
-1700,
795,
2670,
690,
-596,
-311,
2148,
1299,
193,
-627,
-425,
-1869,
-880,
1101,
1278,
1112,
281,
2781,
5872,
5149,
4016,
4109,
4917,
3879,
4377,
3810,
2720,
1548,
3601,
4504,
4820,
2098,
4030,
5140,
7676,
5085,
5471,
4177,
5986,
5597,
6349,
4395,
2577,
1508,
4841,
4616,
3205,
932,
2264,
3186,
2361,
697,
240,
-456,
-1940,
-555,
783,
648,
36,
-935,
2274,
4097,
3151,
1644,
2269,
2037,
1444,
1299,
807,
-1228,
-1309,
44,
1430,
148,
-1383,
-69,
1695,
2883,
442,
553,
-648,
1172,
522,
1297,
-1255,
-2988,
-3392,
-102,
-1120,
-2466,
-4531,
-2373,
-2170,
-2703,
-4438,
-4293,
-5569,
-6379,
-4538,
-3476,
-3296,
-4135,
-4161,
-209,
876,
107,
-1172,
198,
-453,
-138,
-415,
-522,
-2843,
-1580,
-560,
1473,
-1117,
-935,
-415,
3014,
2357,
1615,
589,
1010,
1755,
2321,
2103,
256,
-2136,
-755,
1371,
804,
-1537,
-2369,
-736,
-584,
-1563,
-2902,
-2769,
-4505,
-4775,
-2992,
-2264,
-2030,
-3661,
-2649,
714,
1309,
29,
-795,
27,
-785,
-653,
-783,
-1842,
-3772,
-2615,
-1278,
-200,
-2983,
-2565,
-1942,
1707,
-95,
10,
-1935,
-442,
-640,
735,
-546,
-2096,
-4722,
-2009,
-932,
-1300,
-4348,
-3853,
-2819,
-2264,
-3718,
-4307,
-4365,
-5988,
-5408,
-3748,
-2918,
-2788,
-4701,
-2302,
484,
1420,
-352,
8,
186,
200,
219,
894,
-1238,
-1644,
-828,
2129,
1747,
311,
119,
2693,
5265,
4324,
4021,
2997,
4571,
5073,
6412,
5531,
3315,
1916,
4957,
6318,
5381,
2871,
3992,
5249,
5597,
3947,
3945,
3198,
1368,
2561,
3872,
4910,
4192,
2473,
5408,
7685,
7991,
5955,
6700,
5972,
5782,
5592,
5765,
2961,
2596,
2703,
5604,
3589,
2719,
1593,
4915,
5225,
4943,
3170,
2950,
3163,
3781,
3848,
2864,
-556,
-927,
932,
1876,
-463,
-2528,
-1828,
-868,
-1449,
-3227,
-3227,
-4979,
-6431,
-5154,
-4410,
-3333,
-5095,
-5772,
-2987,
-908,
-1657,
-2968,
-2480,
-3151,
-3549,
-3160,
-3834,
-5754,
-6315,
-5204,
-2942,
-4810,
-5350,
-5652,
-2013,
-2286,
-1982,
-4068,
-3198,
-3251,
-2198,
-2362,
-3243,
-6408,
-5512,
-3796,
-2805,
-5467,
-6503,
-5469,
-4096,
-4858,
-5863,
-5612,
-7443,
-7648,
-6214,
-5211,
-3987,
-6028,
-5052,
-2141,
316,
-992,
-951,
-667,
-638,
-939,
264,
-961,
-1541,
-2302,
570,
1601,
762,
-344,
1084,
3796,
4160,
3855,
2603,
3660,
4073,
4846,
5114,
3513,
1203,
2407,
4480,
4907,
2340,
1840,
3072,
4263,
3037,
2521,
2253,
323,
804,
1854,
3241,
3620,
1556,
3130,
5926,
7631,
5886,
6239,
6059,
5744,
5495,
6244,
4445,
3615,
2644,
5924,
5408,
4801,
2812,
5398,
6436,
7216,
5459,
4995,
5128,
5578,
5540,
5912,
2904,
1093,
1842,
3872,
2928,
342,
-269,
783,
1122,
-582,
-873,
-2030,
-4026,
-3469,
-2918,
-1266,
-2381,
-3973,
-2613,
207,
418,
-1003,
-977,
-1286,
-2426,
-1959,
-2222,
-3708,
-5514,
-5299,
-2643,
-3206,
-4198,
-5410,
-2426,
-1792,
-1003,
-2940,
-2710,
-2675,
-2122,
-1584,
-1132,
-4260,
-5197,
-3845,
-1651,
-3013,
-4758,
-4682,
-3032,
-2857,
-3860,
-3359,
-4661,
-5884,
-5109,
-4087,
-2070,
-3691,
-4045,
-2252,
1055,
607,
314,
432,
323,
-802,
728,
27,
-622,
-2878,
-814,
742,
989,
-1020,
-581,
1632,
2876,
2816,
1615,
1677,
2013,
2067,
3352,
2655,
-273,
-1081,
747,
2151,
406,
-1164,
-989,
454,
-178,
-920,
-698,
-2596,
-3421,
-3165,
-1733,
-595,
-2449,
-2689,
-572,
2013,
1172,
970,
966,
136,
-486,
681,
-252,
-1354,
-3438,
-809,
-148,
202,
-2542,
-935,
399,
2264,
1238,
736,
423,
975,
807,
2395,
461,
-1966,
-2532,
-276,
352,
-1340,
-2738,
-2162,
-866,
-1757,
-1816,
-1866,
-3656,
-3692,
-3395,
-1193,
-904,
-2212,
-2366,
709,
2520,
2300,
2288,
2845,
1714,
2473,
3014,
2871,
946,
432,
2833,
4044,
3859,
1958,
3841,
5258,
6956,
5753,
5471,
5305,
5614,
6028,
7308,
4865,
2682,
2471,
4694,
4552,
2800,
1437,
2489,
3127,
2091,
2376,
1442,
-567,
-804,
-672,
1425,
717,
-821,
-1039,
2182,
2854,
2445,
2174,
2196,
430,
1376,
1039,
845,
-2513,
-1996,
-854,
577,
-1354,
-2395,
-1369,
477,
916,
-247,
-999,
-849,
-1330,
-264,
-117,
-2771,
-4985,
-4585,
-2739,
-3478,
-5272,
-6339,
-4805,
-4870,
-5735,
-5315,
-6870,
-8100,
-8503,
-7702,
-5718,
-6405,
-7731,
-6789,
-3672,
-3155,
-3635,
-3329,
-3746,
-4649,
-3727,
-3665,
-4184,
-6955,
-5417,
-4462,
-2798,
-5088,
-4744,
-3561,
-863,
-819,
-1255,
-1532,
-909,
-1257,
600,
297,
-1667,
-3184,
-1703,
140,
-349,
-1731,
-1964,
-1,
-297,
-207,
423,
-899,
-1138,
-1558,
380,
1963,
1458,
164,
2298,
5014,
5663,
5158,
6135,
5080,
5130,
5436,
6308,
4568,
2968,
4146,
5799,
6604,
4538,
4853,
6268,
8472,
8102,
7375,
7304,
7200,
7031,
8636,
7716,
5360,
3731,
5389,
6446,
5464,
3393,
3431,
4696,
3706,
3784,
3414,
1750,
1039,
216,
2151,
2629,
1409,
-112,
2300,
4115,
3950,
3217,
3831,
2011,
2075,
1650,
2494,
-738,
-1480,
-1207,
1058,
138,
-1477,
-1788,
72,
1274,
800,
-356,
-122,
-987,
-513,
543,
-771,
-3713,
-4960,
-3182,
-2646,
-3945,
-6140,
-5365,
-4632,
-5602,
-5149,
-6161,
-7313,
-8354,
-8238,
-6299,
-5697,
-7138,
-7553,
-4844,
-3006,
-3511,
-3028,
-2757,
-3786,
-3533,
-2900,
-2162,
-4988,
-4808,
-4006,
-1174,
-2437,
-2843,
-2568,
140,
1354,
1323,
814,
1515,
800,
2207,
3234,
2134,
-550,
-562,
1404,
2042,
676,
-832,
683,
1022,
626,
1439,
223,
-333,
-1648,
-631,
833,
1499,
-401,
155,
2625,
4182,
3269,
4535,
3729,
3321,
2809,
4267,
3442,
1267,
825,
2274,
3850,
2345,
1572,
2065,
4213,
4962,
4090,
3801,
3644,
2843,
4026,
4455,
2587,
-323,
-1,
1368,
1577,
-671,
-1899,
-612,
-1115,
-1089,
-932,
-2279,
-3224,
-4604,
-3398,
-2170,
-2096,
-4192,
-3110,
-650,
243,
-416,
809,
-539,
-728,
-1404,
650,
-1340,
-2624,
-3438,
-854,
-413,
-1359,
-2402,
-1046,
927,
1764,
887,
1458,
951,
868,
2269,
2746,
548,
-1665,
-681,
939,
1184,
-1037,
-1122,
261,
-285,
643,
392,
-112,
-1285,
-1605,
-155,
1613,
982,
-311,
1101,
3815,
3769,
4075,
4628,
3696,
3033,
3165,
4637,
2257,
1022,
543,
3231,
2847,
1883,
738,
2404,
3992,
4132,
3177,
3442,
2291,
2418,
3559,
3322,
321,
-1516,
-695,
662,
-100,
-2601,
-2432,
-1911,
-2667,
-1862,
-2938,
-3492,
-5408,
-5268,
-4199,
-2701,
-4386,
-5154,
-3919,
-1352,
-2222,
-1139,
-1650,
-1997,
-3360,
-1940,
-1819,
-3653,
-5318,
-4659,
-2568,
-2701,
-3933,
-4409,
-2579,
-832,
-992,
-1278,
-1186,
-2117,
-1382,
-13,
-382,
-3186,
-4204,
-3201,
-1632,
-2741,
-4616,
-3758,
-3634,
-3684,
-3075,
-3715,
-4196,
-5824,
-5424,
-3860,
-2530,
-3902,
-4180,
-2141,
72,
-494,
961,
354,
287,
-1079,
1231,
655,
-300,
-2008,
-183,
1437,
1648,
207,
579,
2629,
4471,
4158,
4531,
4364,
3770,
4817,
6168,
5208,
2478,
1883,
3151,
4436,
2700,
1295,
2385,
1747,
2392,
2300,
2139,
923,
-167,
62,
2060,
2317,
1008,
531,
3205,
3838,
4035,
4632,
4284,
3296,
2579,
4355,
3364,
1964,
354,
2274,
3244,
2897,
1252,
1700,
3490,
4523,
3948,
4201,
3352,
2765,
3566,
4497,
2696,
48,
-532,
806,
1330,
-921,
-1771,
-1274,
-2253,
-1575,
-2195,
-2295,
-4158,
-5045,
-4822,
-2722,
-3234,
-4550,
-4730,
-1861,
-2174,
-1153,
-1428,
-1181,
-3125,
-2684,
-1923,
-2539,
-4708,
-5436,
-3722,
-2710,
-3604,
-4820,
-4203,
-2224,
-1757,
-1942,
-1634,
-2390,
-2490,
-1357,
-375,
-2385,
-4488,
-4521,
-2724,
-2483,
-4557,
-4255,
-4049,
-4071,
-3357,
-3272,
-3357,
-4751,
-5248,
-3895,
-1674,
-1918,
-3082,
-1833,
864,
984,
2333,
2144,
2670,
799,
2435,
2838,
2632,
140,
567,
2342,
3461,
2323,
1596,
2625,
4798,
4997,
5260,
5284,
4502,
4566,
5969,
6522,
4104,
2160,
2414,
4191,
3682,
1577,
2141,
1482,
1824,
1831,
2198,
1202,
-236,
-1188,
588,
1862,
1250,
-553,
1402,
2639,
3174,
3521,
3601,
2869,
1307,
2630,
2729,
1750,
-951,
-396,
1063,
1536,
93,
-714,
463,
2065,
1880,
2220,
1684,
811,
785,
2326,
2134,
-399,
-2179,
-1627,
32,
-1335,
-2973,
-2532,
-3326,
-2883,
-3103,
-2636,
-3923,
-5232,
-5995,
-3957,
-3104,
-3945,
-5343,
-2682,
-2030,
-750,
-923,
72,
-1530,
-1772,
-916,
-268,
-1783,
-3518,
-2542,
-633,
-344,
-1456,
-1859,
69,
1532,
1826,
2518,
2106,
1741,
2310,
4236,
3653,
1383,
-93,
1067,
2805,
920,
214,
266,
88,
377,
553,
704,
-401,
-1852,
-1854,
134,
1008,
-496,
-1015,
1323,
1968,
3006,
2739,
3585,
1466,
1909,
2248,
2957,
676,
-586,
302,
2099,
1843,
560,
250,
2136,
2933,
3359,
3616,
2881,
2179,
2921,
4402,
3248,
778,
-714,
719,
1757,
-591,
-761,
-1345,
-1259,
-1575,
-1107,
-1532,
-2565,
-4436,
-3762,
-2200,
-1456,
-3670,
-3037,
-1568,
-505,
-211,
316,
352,
-1309,
-918,
-354,
-96,
-2542,
-3500,
-2324,
-885,
-1395,
-2604,
-2333,
-629,
-140,
525,
589,
-169,
-899,
389,
1589,
278,
-2058,
-3037,
-1043,
-949,
-2940,
-2765,
-3179,
-2888,
-3059,
-2243,
-2532,
-3478,
-5007,
-3686,
-2032,
-1532,
-3485,
-1703,
-569,
1124,
1105,
2568,
1769,
985,
1176,
2454,
2063,
5,
-565,
1150,
2248,
1748,
648,
1456,
2978,
3573,
4433,
4417,
3609,
3106,
4831,
5569,
3893,
1560,
1029,
3347,
2376,
1022,
747,
558,
491,
588,
923,
660,
-921,
-2016,
-890,
918,
268,
-1293,
231,
1158,
2511,
2310,
3544,
1892,
1278,
1260,
2535,
1240,
-949,
-1416,
280,
894,
-38,
-1354,
-373,
795,
1278,
1850,
1496,
247,
5,
1755,
1852,
-219,
-2752,
-2693,
-475,
-2252,
-3172,
-3876,
-3834,
-4379,
-4090,
-4198,
-4395,
-6424,
-6937,
-5998,
-4037,
-5751,
-6330,
-5268,
-3808,
-3227,
-2656,
-1866,
-3123,
-3571,
-3208,
-2160,
-3577,
-5420,
-5208,
-3398,
-2736,
-3502,
-4113,
-2487,
-1271,
-394,
380,
328,
-579,
200,
2189,
2340,
634,
-1446,
-214,
1575,
50,
-356,
-662,
-283,
-487,
200,
404,
233,
-1522,
-1499,
-72,
1817,
-110,
306,
1243,
3194,
3179,
4540,
4526,
3722,
3047,
3855,
4352,
2819,
1004,
1591,
3087,
3471,
2298,
1949,
3397,
4173,
4848,
5339,
4725,
3544,
4343,
5789,
5249,
3016,
624,
2279,
2686,
1179,
164,
-119,
-527,
-771,
-667,
-579,
-1726,
-3533,
-3931,
-2129,
-1430,
-3417,
-3137,
-2250,
-835,
-1176,
169,
-570,
-1402,
-2253,
-1267,
-1245,
-2999,
-4701,
-3864,
-2535,
-2414,
-3841,
-3746,
-2432,
-1672,
-923,
-441,
-1380,
-2290,
-1171,
209,
-380,
-2672,
-4345,
-1933,
-2023,
-2824,
-3779,
-3450,
-3947,
-3466,
-3251,
-2625,
-3827,
-4850,
-4843,
-2008,
-2001,
-2864,
-2392,
-468,
719,
1513,
2980,
2644,
2061,
1902,
3167,
3246,
1560,
534,
1830,
3388,
3454,
2222,
2852,
4082,
5028,
5882,
6244,
5099,
4564,
5960,
7014,
6237,
3378,
2528,
4523,
3938,
2994,
2016,
2039,
1326,
1672,
1617,
1812,
228,
-1044,
-954,
1563,
449,
-157,
-257,
1610,
1724,
2895,
3333,
2708,
1473,
1397,
2160,
1660,
-555,
-1423,
-292,
913,
323,
-961,
-408,
397,
1172,
1864,
1786,
354,
15,
1523,
2170,
1075,
-2288,
-2053,
-833,
-1319,
-2508,
-2930,
-3324,
-3654,
-3568,
-3303,
-3487,
-4884,
-6358,
-5279,
-3310,
-4402,
-4796,
-4526,
-2821,
-2769,
-1174,
-1018,
-1516,
-2634,
-2125,
-1162,
-1821,
-3936,
-4210,
-2777,
-1532,
-2279,
-2938,
-2015,
-894,
205,
1290,
1255,
58,
384,
2298,
3206,
1997,
-896,
536,
1487,
1437,
304,
505,
-72,
216,
209,
1074,
702,
-332,
-1800,
370,
1475,
897,
351,
1442,
2634,
3270,
4763,
4933,
4272,
3336,
4012,
4881,
3725,
1683,
1691,
3099,
3985,
2828,
2378,
3127,
4125,
4997,
5913,
5407,
3962,
4471,
5938,
6614,
4282,
1771,
2982,
3431,
2802,
1532,
1318,
461,
541,
223,
818,
-13,
-1432,
-2938,
-688,
-659,
-1214,
-2176,
-806,
-581,
335,
1141,
1179,
50,
-866,
-257,
316,
-1269,
-3092,
-2959,
-1696,
-1273,
-2615,
-2926,
-2331,
-1511,
-697,
195,
-633,
-2089,
-1276,
-15,
688,
-2471,
-3983,
-2994,
-2300,
-3283,
-3815,
-4332,
-4628,
-4741,
-4502,
-4051,
-4462,
-6090,
-6510,
-4123,
-3933,
-4263,
-4563,
-2798,
-2535,
-892,
159,
695,
-223,
-487,
714,
1435,
-119,
-1363,
-832,
866,
1174,
204,
392,
1359,
2423,
3608,
4675,
3670,
2720,
3931,
5438,
5853,
2295,
1660,
2596,
3274,
1966,
1589,
762,
873,
409,
953,
814,
515,
-1752,
-1162,
385,
586,
-403,
-300,
868,
1148,
2426,
3068,
3040,
1786,
1487,
2387,
2361,
385,
-875,
-510,
963,
520,
-382,
-377,
382,
1058,
2122,
2715,
1224,
567,
1435,
2940,
2264,
-1132,
-1515,
-783,
-653,
-1949,
-2473,
-3165,
-3196,
-3615,
-3016,
-3186,
-3665,
-5983,
-4654,
-3746,
-3296,
-4595,
-3836,
-3212,
-2496,
-1326,
-520,
-821,
-1973,
-1869,
-691,
-811,
-2525,
-3457,
-2603,
-1072,
-1516,
-1925,
-1707,
-849,
5,
1555,
2203,
847,
799,
1850,
3928,
2632,
224,
145,
1295,
1221,
588,
119,
-27,
-347,
-195,
347,
652,
-415,
-2112,
-565,
344,
686,
-503,
541,
825,
1862,
2952,
3834,
3127,
1975,
2257,
3466,
2883,
1034,
-64,
1013,
1964,
1302,
709,
807,
1245,
1978,
3449,
3559,
1958,
1776,
2715,
4526,
2300,
174,
-174,
826,
141,
-465,
-1338,
-1520,
-2406,
-2039,
-1945,
-1439,
-3481,
-4493,
-3367,
-2300,
-2684,
-3525,
-2750,
-2527,
-1449,
-434,
363,
-671,
-1757,
-1288,
-107,
-1037,
-2869,
-3814,
-2305,
-1662,
-2205,
-2727,
-2368,
-1968,
-1003,
588,
385,
-887,
-1049,
415,
1887,
-513,
-2364,
-2359,
-1388,
-1980,
-2459,
-3115,
-3146,
-3808,
-3213,
-3039,
-2354,
-4777,
-4917,
-3886,
-2381,
-3172,
-3196,
-2580,
-1819,
-643,
638,
1506,
603,
-83,
889,
2101,
1224,
-413,
-823,
1003,
1546,
1098,
896,
1534,
2106,
3300,
4941,
4443,
3644,
3417,
5497,
6292,
4004,
2250,
2810,
3395,
3013,
2170,
1774,
1414,
1055,
1176,
1567,
1688,
-771,
-691,
233,
1444,
280,
513,
714,
1613,
2383,
3603,
4023,
2937,
2148,
3106,
3673,
2549,
588,
394,
1805,
1944,
1221,
1067,
1421,
1776,
2829,
4033,
3075,
2271,
1823,
4054,
3907,
1539,
-261,
422,
358,
24,
-1312,
-1520,
-2442,
-2473,
-2928,
-2046,
-2874,
-4900,
-5009,
-3833,
-3244,
-4286,
-4146,
-4012,
-3092,
-2381,
-1127,
-1105,
-2312,
-2994,
-1902,
-1679,
-2779,
-4765,
-4443,
-3208,
-3035,
-3622,
-3618,
-3291,
-2807,
-1250,
-195,
-916,
-1627,
-1425,
1098,
819,
-1323,
-2404,
-1461,
-1183,
-1150,
-2067,
-1892,
-2596,
-1982,
-2179,
-626,
-1942,
-3042,
-2933,
-944,
-664,
-1041,
-790,
-93,
1001,
2165,
3504,
3568,
2528,
2463,
3758,
3992,
2810,
1094,
1811,
2930,
3023,
2556,
2521,
2890,
3262,
5147,
5612,
5059,
3988,
4772,
6861,
6227,
3687,
3058,
3490,
3774,
3044,
2290,
1816,
1198,
1243,
1030,
1999,
79,
-1074,
-1089,
707,
110,
-340,
-439,
169,
795,
1842,
2738,
2490,
1022,
1074,
1869,
1802,
-12,
-1624,
-996,
-124,
-373,
-935,
-1088,
-875,
-560,
1404,
1274,
788,
-612,
752,
2319,
1366,
-1297,
-1530,
-1459,
-1053,
-2260,
-2603,
-3549,
-3589,
-4078,
-3521,
-3078,
-4663,
-5856,
-5270,
-3713,
-4199,
-4256,
-4165,
-3317,
-2492,
-1100,
-39,
-285,
-1449,
-835,
160,
404,
-1290,
-2193,
-1162,
-72,
-131,
-423,
-181,
57,
1027,
2921,
2914,
2468,
1399,
3277,
4642,
3492,
1171,
1198,
1385,
1814,
598,
470,
-584,
-306,
-1127,
0,
-276,
-1646,
-3061,
-1899,
-996,
-1387,
-1658,
-1539,
-818,
-19,
1271,
2148,
1442,
394,
1010,
1871,
1601,
-404,
-1226,
-164,
525,
204,
-349,
-112,
-276,
1101,
2323,
2400,
1359,
709,
2516,
3670,
1852,
-148,
-314,
107,
60,
-956,
-1425,
-2314,
-2314,
-3011,
-1781,
-2437,
-3822,
-5042,
-3475,
-3011,
-3215,
-3620,
-3267,
-2632,
-1691,
-396,
427,
-653,
-1414,
-818,
31,
-693,
-2703,
-3288,
-2044,
-1556,
-1797,
-2215,
-1892,
-2124,
-320,
525,
864,
-562,
-534,
1326,
2551,
375,
-961,
-1233,
-344,
-704,
-987,
-1689,
-1852,
-2150,
-2006,
-821,
-1278,
-2774,
-3317,
-1579,
-1058,
-1029,
-1259,
-683,
-3,
1174,
2625,
3376,
2136,
1812,
2568,
3547,
2644,
778,
579,
1835,
2300,
2018,
1817,
1862,
1866,
3680,
4374,
4528,
2895,
3213,
5128,
5924,
3533,
2407,
1989,
2862,
2132,
1970,
709,
747,
-223,
316,
778,
138,
-1963,
-2139,
-899,
-595,
-956,
-1307,
-1029,
-532,
382,
1625,
1740,
254,
-64,
503,
1129,
-256,
-2335,
-2444,
-1636,
-1371,
-2117,
-2189,
-2703,
-2257,
-885,
-171,
-565,
-2117,
-1802,
254,
224,
-1985,
-3255,
-3419,
-2900,
-3568,
-4033,
-5287,
-5253,
-6299,
-5417,
-5161,
-5730,
-7804,
-7294,
-6161,
-5661,
-5991,
-5950,
-5505,
-4575,
-3392,
-1724,
-1729,
-2656,
-2568,
-1487,
-622,
-1769,
-3251,
-2587,
-1347,
-574,
-921,
-328,
-702,
726,
2181,
3561,
3103,
2217,
2997,
5604,
5209,
3732,
2504,
3132,
3454,
3528,
2821,
2304,
2122,
1598,
2565,
2978,
2122,
252,
1025,
1989,
2390,
1930,
1954,
2219,
3085,
4146,
5621,
5023,
4066,
3891,
4893,
5239,
3568,
1987,
2423,
3362,
3502,
2959,
2954,
2174,
3334,
4234,
5189,
4038,
2888,
3570,
5633,
4450,
2760,
1108,
1634,
1226,
1231,
-243,
-591,
-1631,
-2013,
-1669,
-1397,
-3042,
-4647,
-4078,
-3286,
-3250,
-3720,
-3819,
-3568,
-2893,
-1817,
-657,
-1404,
-2298,
-2387,
-1404,
-1338,
-3224,
-4448,
-3995,
-2975,
-3213,
-3234,
-3495,
-3677,
-2554,
-1359,
-558,
-1518,
-2480,
-1017,
840,
-83,
-1636,
-2594,
-1816,
-1842,
-1643,
-2793,
-2582,
-3393,
-3037,
-2352,
-1646,
-3284,
-4009,
-3111,
-1868,
-1724,
-1684,
-1541,
-768,
93,
1698,
2809,
2309,
1601,
1940,
3096,
3161,
1293,
572,
1196,
2376,
1959,
2390,
1719,
2060,
2957,
4428,
4810,
3834,
2767,
4777,
5922,
5114,
3136,
2651,
2900,
3127,
2686,
1693,
1542,
607,
778,
1342,
1549,
-423,
-1077,
-473,
415,
202,
91,
-58,
558,
1098,
2663,
3203,
2475,
1542,
1809,
2746,
2331,
314,
-473,
140,
849,
320,
532,
-453,
-5,
698,
2182,
2238,
1036,
108,
2276,
2907,
2082,
-179,
-309,
-449,
119,
-939,
-1480,
-2158,
-2905,
-2950,
-2151,
-2461,
-4327,
-4891,
-4092,
-3328,
-3428,
-3618,
-3601,
-3013,
-2234,
-527,
-77,
-748,
-1437,
-875,
321,
-311,
-1990,
-2558,
-1347,
-821,
-683,
-515,
-958,
-292,
892,
2511,
2762,
1463,
1331,
3623,
4403,
3492,
1589,
1703,
1762,
2499,
1411,
1338,
525,
147,
216,
1340,
678,
-942,
-1369,
-347,
245,
276,
-27,
190,
574,
1593,
3110,
3371,
2528,
1902,
2504,
3597,
2497,
876,
268,
1584,
1508,
1847,
1423,
1112,
1366,
2603,
3732,
3743,
1911,
2224,
3983,
4630,
3018,
1345,
1034,
1179,
1342,
174,
-155,
-1193,
-1755,
-1762,
-876,
-2086,
-3808,
-4262,
-3333,
-3009,
-3070,
-3509,
-3255,
-3033,
-1852,
-579,
-517,
-1480,
-2098,
-1311,
-458,
-1766,
-3416,
-3753,
-2530,
-2809,
-2350,
-3018,
-3118,
-2831,
-1333,
-262,
-306,
-2182,
-1205,
439,
1252,
-631,
-1639,
-1996,
-1212,
-1247,
-1850,
-2139,
-2713,
-3075,
-2428,
-1404,
-2409,
-3668,
-3436,
-2170,
-1497,
-1281,
-1304,
-700,
-67,
1591,
3075,
3253,
2553,
2214,
3532,
4187,
3085,
1435,
1767,
2745,
2822,
3229,
2679,
2601,
3175,
4616,
5737,
5230,
3485,
4644,
6116,
6531,
4341,
3397,
2755,
3609,
2994,
2369,
1617,
949,
188,
878,
1259,
-114,
-1679,
-1560,
-833,
-501,
-835,
-1112,
-951,
-553,
781,
1833,
1506,
468,
-117,
1082,
1065,
-314,
-2392,
-1852,
-1586,
-1376,
-1551,
-2143,
-2579,
-1894,
-845,
394,
-804,
-2117,
-1060,
572,
439,
-1522,
-2544,
-2897,
-2054,
-2764,
-3258,
-3909,
-4514,
-5161,
-4163,
-3985,
-5325,
-6702,
-6228,
-5410,
-4860,
-5121,
-4983,
-4685,
-3954,
-2335,
-1129,
-1283,
-2110,
-2103,
-595,
-451,
-1698,
-3234,
-2153,
-1783,
-1025,
-1006,
-1075,
-1122,
102,
1491,
3168,
1788,
1364,
2622,
4708,
4220,
2904,
1871,
2146,
2816,
2309,
1878,
1454,
787,
498,
1584,
1587,
181,
-939,
-358,
387,
764,
401,
586,
681,
1430,
2930,
3739,
3347,
2279,
2501,
3568,
3516,
1724,
482,
1160,
1356,
1824,
1629,
1207,
1124,
1992,
3331,
4398,
2587,
2248,
3288,
5081,
4004,
2712,
1283,
1705,
1835,
1229,
489,
-60,
-1036,
-1158,
-271,
-588,
-2260,
-3277,
-2824,
-2181,
-2091,
-2480,
-2350,
-2359,
-1463,
20,
622,
136,
-996,
-432,
375,
288,
-1873,
-2579,
-2229,
-1911,
-1683,
-1854,
-2501,
-2378,
-1760,
-22,
435,
-1186,
-1432,
-55,
1387,
216,
-1067,
-2319,
-1660,
-1672,
-2153,
-2798,
-3142,
-4057,
-3748,
-2850,
-3139,
-4677,
-5109,
-4424,
-3466,
-3284,
-3175,
-2821,
-2497,
-1214,
453,
1276,
982,
204,
1127,
2101,
2103,
72,
-19,
358,
1051,
1376,
1454,
1003,
1463,
2170,
4365,
4388,
3189,
2933,
4798,
5832,
4896,
3466,
2532,
3099,
3020,
2468,
1956,
1485,
506,
949,
1738,
1176,
-423,
-802,
-273,
522,
465,
515,
506,
636,
1857,
3179,
3741,
2892,
2132,
2793,
3609,
2916,
790,
529,
634,
1129,
1207,
804,
145,
302,
937,
2812,
2132,
882,
468,
2395,
2795,
1845,
34,
-754,
-468,
-629,
-1402,
-1944,
-2710,
-3677,
-3219,
-2637,
-3466,
-5024,
-5493,
-5054,
-4374,
-4488,
-4452,
-4580,
-4303,
-2924,
-1646,
-1010,
-2039,
-2357,
-1639,
-506,
-1515,
-3101,
-3255,
-2781,
-2132,
-1814,
-2127,
-2231,
-1933,
-601,
1388,
904,
43,
337,
2722,
3208,
2665,
1103,
1029,
1523,
1570,
961,
868,
197,
-370,
409,
1117,
287,
-939,
-1228,
-544,
112,
136,
275,
119,
541,
1895,
3125,
3585,
2399,
2184,
2819,
3912,
2409,
1056,
667,
1110,
1437,
1627,
968,
826,
719,
2262,
3556,
2866,
1610,
2110,
4016,
4198,
3284,
1506,
1402,
1579,
1369,
558,
264,
-852,
-1428,
-819,
-441,
-1600,
-2847,
-3312,
-2596,
-2203,
-2310,
-2369,
-2684,
-2205,
-984,
314,
397,
-698,
-882,
-102,
726,
-852,
-1996,
-2397,
-1904,
-1631,
-1480,
-2125,
-2264,
-2520,
-650,
252,
-316,
-1750,
-710,
783,
1124,
-3,
-1376,
-1413,
-1183,
-1437,
-1975,
-2297,
-3386,
-3725,
-2921,
-2570,
-3720,
-4753,
-4850,
-3829,
-3431,
-3239,
-3073,
-3130,
-2257,
-894,
641,
586,
-83,
-145,
1132,
1710,
408,
-536,
-619,
-122,
366,
470,
114,
-96,
6,
1978,
2701,
2134,
887,
2162,
3319,
3779,
2414,
1347,
1290,
1579,
1134,
773,
266,
-684,
-918,
-126,
-86,
-1171,
-2177,
-2073,
-1143,
-849,
-754,
-790,
-940,
-86,
1127,
2466,
2077,
1425,
1209,
2561,
2624,
1397,
342,
300,
442,
906,
683,
385,
-261,
150,
1705,
2172,
1181,
323,
1485,
2368,
2515,
1209,
335,
152,
259,
-273,
-672,
-1361,
-2124,
-2160,
-1622,
-1968,
-2924,
-3744,
-3648,
-3001,
-2660,
-2558,
-2961,
-3073,
-2051,
-840,
-58,
-515,
-854,
-963,
-15,
-183,
-1025,
-2034,
-2160,
-1909,
-1340,
-1840,
-2016,
-2395,
-1401,
-347,
70,
-631,
-522,
494,
1459,
1662,
899,
345,
589,
913,
622,
288,
-17,
-219,
31,
415,
276,
-256,
-674,
-281,
472,
956,
1141,
601,
842,
1989,
3165,
3317,
2990,
2784,
2904,
3338,
3049,
2309,
1499,
1157,
1442,
1632,
996,
624,
527,
1518,
1902,
1731,
1262,
1790,
2217,
2703,
2724,
2092,
1418,
1620,
1698,
1155,
562,
368,
306,
347,
152,
-8,
-406,
-835,
-690,
-48,
226,
-31,
-667,
-174,
629,
1165,
965,
899,
560,
562,
672,
347,
-517,
-1150,
-1518,
-1352,
-1700,
-2217,
-2534,
-2362,
-1902,
-1850,
-2229,
-2350,
-1857,
-1454,
-1226,
-1318,
-1700,
-1868,
-1639,
-1684,
-2129,
-2451,
-2470,
-2257,
-2089,
-2222,
-2274,
-2354,
-2293,
-1892,
-1266,
-809,
-754,
-946,
-230,
747,
1331,
1350,
1579,
1717,
1970,
2127,
2070,
1650,
1314,
1216,
1428,
1164,
984,
961,
1245,
1586,
1653,
1416,
1613,
2025,
2409,
2570,
2445,
2153,
2253,
2470,
2309,
1894,
1715,
1759,
1856,
1786,
1729,
1601,
1444,
1442,
1726,
1966,
2172,
2101,
1940,
2324,
2864,
3082,
3089,
3047,
3078,
3068,
2944,
2625,
2222,
1767,
1421,
1231,
890,
610,
370,
259,
316,
67,
-269,
-197,
12,
98,
1,
-273,
-543,
-527,
-460,
-716,
-1101,
-1271,
-1200,
-1226,
-1408,
-1513,
-1615,
-1693,
-1712,
-1584,
-1435,
-1250,
-1338,
-1383,
-1068,
-702,
-581,
-437,
-399,
-287,
-247,
-205,
-390,
-665,
-1013,
-1290,
-1411,
-1492,
-1657,
-1769,
-1748,
-1603,
-1724,
-1729,
-1542,
-1274,
-1003,
-918,
-977,
-960,
-702,
-534,
-655,
-783,
-721,
-498,
-411,
-403,
-337,
-236,
-181,
-186,
8,
321,
536,
487,
531,
823,
1101,
1321,
1492,
1527,
1582,
1662,
1710,
1563,
1300,
1013,
809,
726,
655,
506,
354,
356,
434,
364,
328,
418,
582,
688,
645,
531,
544,
650,
705,
588,
520,
522,
596,
579,
553,
574,
603,
522,
422,
510,
698,
712,
498,
370,
513,
652,
664,
631,
572,
595,
595,
579,
444,
195,
-93,
-209,
-266,
-472,
-672,
-800,
-840,
-873,
-963,
-1037,
-1029,
-960,
-845,
-849,
-904,
-899,
-821,
-776,
-807,
-830,
-854,
-871,
-842,
-807,
-790,
-823,
-940,
-1006,
-885,
-702,
-731,
-925,
-939,
-747,
-570,
-508,
-558,
-515,
-425,
-332,
-333,
-354,
-518,
-709,
-717,
-683,
-778,
-930,
-992,
-954,
-944,
-911,
-916,
-859,
-748,
-631,
-596,
-600,
-598,
-586,
-477,
-477,
-506,
-570,
-551,
-489,
-378,
-285,
-382,
-430,
-380,
-228,
-147,
-190,
-309,
-304,
-181,
-8,
15,
-77,
-58,
32,
93,
124,
36,
-89,
-200,
-164,
-112,
-148,
-256,
-309,
-257,
-266,
-314,
-406,
-446,
-420,
-378,
-411,
-517,
-598,
-610,
-534,
-548,
-646,
-684,
-688,
-653,
-600,
-589,
-659,
-721,
-731,
-629,
-657,
-743,
-825,
-818,
-726,
-634,
-608,
-633,
-593,
-477,
-340,
-264,
-342,
-404,
-401,
-292,
-240,
-242,
-299,
-321,
-261,
-235,
-243,
-217,
-200,
-95,
-24,
-34,
-10,
13,
57,
134,
129,
157,
110,
112,
198,
240,
262,
325,
314,
347,
442,
494,
439,
399,
394,
475,
522,
548,
473,
472,
534,
612,
645,
589,
487,
432,
503,
492,
401,
297,
273,
254,
250,
243,
167,
69,
60,
-3,
-86,
-190,
-318,
-408,
-465,
-558,
-643,
-750,
-781,
-757,
-729,
-714,
-764,
-818,
-835,
-821,
-811,
-892,
-966,
-1025,
-1018,
-1022,
-1034,
-1100,
-1101,
-1046,
-944,
-889,
-901,
-911,
-880,
-752,
-664,
-634,
-655,
-608,
-496,
-448,
-403,
-420,
-406,
-325,
-271,
-238,
-268,
-230,
-155,
-43,
34,
46,
89,
202,
370,
468,
537,
593,
624,
721,
826,
913,
899,
878,
927,
982,
1013,
1011,
963,
977,
1013,
1072,
1091,
1043,
960,
994,
1067,
1112,
1053,
944,
920,
958,
937,
892,
809,
716,
731,
678,
607,
503,
394,
347,
323,
235,
122,
36,
44,
24,
31,
22,
24,
-10,
1,
65,
-13,
-79,
-171,
-235,
-276,
-297,
-420,
-529,
-551,
-562,
-577,
-610,
-664,
-712,
-683,
-560,
-510,
-532,
-548,
-486,
-406,
-382,
-385,
-427,
-413,
-411,
-392,
-406,
-468,
-518,
-491,
-415,
-420,
-420,
-330,
-266,
-157,
-51,
76,
190,
283,
344,
415,
423,
378,
333,
320,
302,
297,
230,
228,
214,
226,
245,
249,
207,
178,
228,
299,
307,
257,
259,
304,
275,
278,
247,
155,
100,
95,
46,
-55,
-122,
-169,
-176,
-223,
-297,
-380,
-377,
-359,
-344,
-345,
-354,
-342,
-314,
-280,
-262,
-261,
-300,
-328,
-330,
-344,
-404,
-486,
-558,
-589,
-633,
-640,
-681,
-719,
-723,
-648,
-548,
-527,
-475,
-392,
-259,
-186,
-129,
-110,
-124,
-70,
-39,
-24,
-77,
-103,
-88,
-55,
-83,
-133,
-148,
-91,
-17,
44,
112,
197,
290,
384,
480,
539,
522,
501,
468,
416,
342,
254,
171,
53,
24,
3,
-48,
-96,
-124,
-128,
-91,
-58,
-43,
-38,
-13,
41,
41,
41,
1,
-10,
-1,
-46,
-140,
-233,
-273,
-309,
-340,
-401,
-453,
-479,
-451,
-406,
-399,
-370,
-335,
-257,
-224,
-192,
-195,
-205,
-224,
-276,
-325,
-354,
-434,
-482,
-531,
-558,
-601,
-629,
-655,
-669,
-645,
-608,
-560,
-550,
-458,
-416,
-314,
-249,
-214,
-181,
-157,
-105,
-114,
-157,
-167,
-167,
-167,
-166,
-193,
-219,
-216,
-157,
-96,
-65,
-5,
58,
143,
247,
275,
323,
340,
397,
390,
332,
311,
236,
143,
77,
-3,
-112,
-202,
-231,
-233,
-212,
-186,
-176,
-157,
-107,
-8,
62,
110,
131,
150,
179,
169,
129,
53,
-22,
-29,
-44,
-98,
-131,
-195,
-171,
-98,
-48,
-6,
29,
148,
231,
297,
351,
352,
382,
399,
375,
318,
285,
226,
192,
131,
114,
88,
65,
74,
72,
112,
171,
211,
273,
356,
439,
465,
472,
522,
517,
532,
517,
482,
451,
380,
347,
295,
264,
217,
147,
143,
167,
176,
197,
226,
259,
288,
330,
318,
321,
325,
292,
259,
190,
150,
88,
41,
-39,
-122,
-221,
-295,
-356,
-408,
-442,
-435,
-430,
-437,
-377,
-311,
-281,
-276,
-271,
-250,
-264,
-262,
-321,
-385,
-472,
-513,
-576,
-619,
-697,
-764,
-733,
-745,
-698,
-683,
-619,
-529,
-423,
-373,
-304,
-243,
-224,
-159,
-155,
-150,
-178,
-202,
-228,
-269,
-337,
-354,
-333,
-313,
-254,
-183,
-96,
5,
117,
228,
320,
397,
461,
506,
548,
555,
558,
527,
467,
418,
415,
434,
397,
358,
342,
340,
371,
397,
403,
454,
505,
567,
617,
610,
634,
650,
640,
626,
603,
532,
475,
446,
356,
304,
254,
221,
167,
179,
176,
178,
174,
202,
269,
311,
347,
318,
375,
361,
316,
264,
228,
176,
110,
93,
39,
-27,
-67,
-103,
-124,
-91,
-60,
-27,
15,
69,
126,
176,
216,
257,
295,
328,
318,
306,
275,
238,
186,
152,
122,
88,
81,
77,
60,
41,
58,
57,
122,
223,
276,
328,
345,
363,
347,
321,
288,
257,
202,
129,
39,
-19,
-93,
-155,
-181,
-193,
-160,
-153,
-126,
-77,
-20,
46,
55,
74,
105,
105,
124,
43,
-17,
-53,
-129,
-186,
-228,
-300,
-345,
-375,
-363,
-375,
-340,
-326,
-318,
-269,
-211,
-174,
-121,
-65,
-38,
-12,
-20,
-15,
-34,
-43,
-79,
-114,
-91,
-126,
-129,
-107,
-77,
-29,
27,
86,
133,
207,
266,
323,
345,
403,
448,
491,
494,
479,
460,
467,
454,
456,
397,
368,
323,
292,
283,
266,
297,
342,
375,
399,
396,
441,
454,
498,
475,
449,
401,
363,
264,
159,
110,
50,
17,
-67,
-79,
-93,
-112,
-107,
-69,
-67,
-39,
-22,
-24,
-15,
-41,
-74,
-134,
-197,
-231,
-275,
-321,
-373,
-415,
-484,
-518,
-520,
-531,
-527,
-532,
-513,
-430,
-351,
-370,
-283,
-245,
-183,
-117,
-119,
-119,
-119,
-148,
-167,
-186,
-233,
-257,
-292,
-259,
-243,
-231,
-217,
-167,
-136,
-62,
-12,
15,
69,
102,
122,
193,
186,
143,
131,
141,
79,
50,
41,
-24,
-19,
-46,
-41,
-17,
-36,
-29,
-5,
24,
29,
72,
117,
140,
178,
155,
98,
84,
48,
10,
-55,
-122,
-169,
-209,
-226,
-238,
-275,
-304,
-314,
-311,
-300,
-261,
-262,
-233,
-198,
-188,
-202,
-236,
-264,
-276,
-321,
-363,
-404,
-403,
-461,
-475,
-461,
-458,
-415,
-404,
-415,
-375,
-347,
-332,
-273,
-250,
-228,
-214,
-211,
-159,
-202,
-212,
-243,
-259,
-292,
-311,
-306,
-318,
-342,
-344,
-302,
-269,
-240,
-205,
-183,
-145,
-84,
-41,
-27,
0,
-15,
-43,
-22,
-74,
-112,
-159,
-193,
-197,
-214,
-193,
-174,
-183,
-145,
-122,
-114,
-79,
-48,
8,
31,
67,
67,
108,
150,
152,
150,
172,
145,
136,
110,
38,
-13,
-13,
-43,
24,
36,
53,
96,
119,
141,
164,
193,
242,
228,
247,
236,
230,
235,
221,
207,
195,
197,
167,
153,
152,
129,
115,
141,
131,
126,
112,
148,
136,
133,
160,
169,
164,
141,
121,
103,
65,
20,
-3,
-19,
-55,
-60,
-88,
-79,
-67,
-50,
-48,
-39,
17,
31,
58,
50,
77,
57,
48,
53,
46,
60,
27,
20,
10,
-3,
-3,
-22,
5,
1,
39,
79,
88,
136,
193,
219,
226,
252,
283,
294,
314,
314,
328,
268,
257,
245,
231,
231,
221,
212,
205,
240,
259,
302,
316,
373,
373,
401,
425,
404,
418,
397,
396,
387,
361,
349,
325,
294,
271,
271,
230,
266,
295,
314,
292,
264,
283,
276,
269,
290,
283,
288,
288,
273,
268,
266,
216,
188,
145,
129,
114,
89,
64,
43,
3,
-22,
-5,
-1,
29,
48,
46,
60,
72,
67,
39,
53,
39,
27,
-8,
-25,
-62,
-91,
-84,
-81,
-79,
-76,
-84,
-77,
-57,
-55,
-20,
-27,
5,
-17,
-46,
-31,
22,
-15,
-24,
5,
-3,
43,
50,
39,
77,
102,
117,
150,
124,
169,
171,
186,
224,
217,
224,
216,
219,
226,
243,
217,
205,
200,
152,
172,
167,
178,
216,
197,
209,
238,
268,
240,
268,
273,
304,
295,
273,
261,
240,
254,
250,
235,
245,
212,
228,
205,
167,
152,
150,
117,
103,
74,
65,
50,
65,
79,
62,
58,
65,
64,
48,
65,
22,
-12,
-24,
-10,
-36,
-55,
-67,
-91,
-131,
-143,
-178,
-176,
-162,
-212,
-250,
-269,
-271,
-276,
-320,
-278,
-290,
-300,
-313,
-333,
-328,
-344,
-342,
-361,
-373,
-354,
-378,
-358,
-382,
-411,
-397,
-415,
-413,
-427,
-434,
-446,
-430,
-434,
-401,
-373,
-344,
-356,
-320,
-328,
-302,
-323,
-352,
-309,
-320,
-323,
-321,
-302,
-297,
-314,
-285,
-299,
-318,
-309,
-311,
-292,
-287,
-276,
-280,
-252,
-285,
-262,
-247,
-247,
-278,
-273,
-264,
-299,
-292,
-330,
-401,
-411,
-397,
-427,
-425,
-442,
-467,
-465,
-439,
-423,
-432,
-472,
-463,
-510,
-565,
-553,
-565,
-626,
-626,
-657,
-650,
-679,
-719,
-747,
-781,
-780,
-793,
-783,
-790,
-812,
-825,
-816,
-819,
-826,
-819,
-818,
-809,
-793,
-797,
-821,
-812,
-814,
-818,
-828,
-844,
-870,
-857,
-866,
-878,
-851,
-802,
-766,
-710,
-688,
-629,
-638,
-617,
-598,
-596,
-556,
-541,
-531,
-486,
-482,
-487,
-435,
-432,
-430,
-390,
-403,
-371,
-314,
-306,
-292,
-242,
-212,
-195,
-124,
-108,
-108,
-57,
-36,
-69,
-24,
-32,
-60,
-83,
-103,
-98,
-110,
-98,
-119,
-126,
-124,
-114,
-95,
-88,
-108,
-79,
-67,
-100,
-105,
-117,
-145,
-188,
-190,
-162,
-190,
-214,
-209,
-233,
-259,
-285,
-283,
-294,
-295,
-328,
-333,
-316,
-314,
-335,
-316,
-316,
-323,
-342,
-356,
-368,
-380,
-418,
-470,
-465,
-506,
-510,
-498,
-498,
-518,
-496,
-465,
-461,
-425,
-385,
-363,
-328,
-276,
-269,
-247,
-233,
-235,
-268,
-250,
-228,
-242,
-252,
-247,
-233,
-193,
-150,
-150,
-160,
-138,
-119,
-53,
-60,
-36,
13,
43,
36,
60,
51,
74,
83,
48,
62,
67,
53,
65,
76,
98,
112,
108,
108,
124,
131,
138,
157,
169,
221,
242,
245,
243,
221,
216,
217,
231,
211,
172,
188,
214,
159,
124,
129,
162,
171,
188,
174,
216,
256,
243,
268,
261,
273,
245,
188,
178,
167,
145,
119,
81,
44,
38,
39,
60,
60,
105,
112,
131,
159,
188,
205,
240,
233,
247,
247,
242,
224,
219,
221,
221,
224,
200,
235,
230,
195,
240,
313,
323,
342,
370,
404,
422,
458,
456,
463,
458,
453,
477,
456,
442,
415,
404,
375,
380,
403,
399,
418,
439,
463,
460,
491,
494,
477,
484,
465,
480,
454,
486,
463,
408,
401,
389,
370,
359,
337,
311,
304,
285,
309,
285,
290,
294,
297,
299,
323,
320,
307,
273,
266,
269,
212,
188,
178,
150,
95,
88,
65,
77,
72,
34,
39,
55,
65,
50,
60,
31,
60,
43,
34,
46,
64,
31,
10,
-1,
-48,
-79,
-107,
-103,
-96,
-98,
-126,
-138,
-117,
-69,
-31,
3,
38,
58,
76,
105,
117,
134,
114,
91,
83,
72,
48,
69,
69,
50,
53,
62,
70,
77,
84,
114,
153,
186,
186,
214,
240,
221,
242,
259,
230,
224,
240,
207,
207,
169,
145,
164,
143,
167,
195,
216,
221,
256,
254,
287,
281,
276,
256,
233,
238,
207,
212,
169,
140,
131,
95,
103,
96,
77,
65,
48,
24,
22,
-10,
55,
53,
48,
67,
48,
34,
-1,
-31,
-50,
-67,
-76,
-121,
-129,
-169,
-219,
-242,
-256,
-273,
-250,
-271,
-311,
-287,
-283,
-250,
-242,
-240,
-250,
-257,
-245,
-219,
-209,
-236,
-280,
-271,
-299,
-295,
-316,
-306,
-307,
-290,
-280,
-278,
-243,
-231,
-166,
-159,
-141,
-143,
-131,
-110,
-133,
-115,
-121,
-124,
-169,
-188,
-178,
-207,
-198,
-205,
-188,
-181,
-185,
-157,
-110,
-157,
-98,
-86,
-60,
-60,
-74,
-72,
-93,
-81,
-69,
-91,
-79,
-117,
-107,
-122,
-134,
-152,
-129,
-124,
-129,
-93,
-74,
-60,
-12,
6,
-10,
3,
-1,
31,
-29,
-62,
-57,
-107,
-128,
-157,
-167,
-198,
-190,
-181,
-183,
-186,
-164,
-157,
-110,
-107,
-93,
-133,
-150,
-133,
-143,
-157,
-159,
-197,
-223,
-249,
-252,
-271,
-269,
-256,
-257,
-205,
-256,
-221,
-207,
-179,
-193,
-171,
-122,
-124,
-126,
-124,
-110,
-107,
-129,
-155,
-140,
-140,
-131,
-141,
-136,
-133,
-108,
-74,
-50,
-39,
-13,
25,
84,
105,
140,
185,
195,
207,
186,
183,
193,
209,
211,
188,
169,
209,
230,
216,
235,
273,
278,
323,
345,
389,
392,
420,
435,
425,
408,
399,
380,
345,
323,
344,
288,
264,
309,
299,
271,
278,
269,
259,
261,
292,
300,
264,
292,
250,
247,
228,
221,
216,
202,
162,
105,
88,
48,
46,
22,
-1,
13,
-24,
-13,
-5,
-20,
6,
-15,
39,
29,
34,
17,
5,
29,
1,
-25,
-41,
-79,
-86,
-89,
-126,
-117,
-72,
-79,
-60,
0,
-25,
8,
24,
34,
74,
89,
89,
83,
91,
112,
105,
103,
143,
136,
107,
153,
129,
148,
169,
183,
235,
233,
269,
316,
333,
344,
377,
384,
437,
437,
444,
461,
463,
480,
470,
486,
503,
472,
463,
456,
489,
454,
496,
496,
524,
517,
515,
567,
544,
548,
550,
548,
524,
522,
537,
496,
460,
444,
444,
430,
399,
397,
375,
415,
439,
428,
458,
456,
465,
444,
446,
441,
409,
373,
333,
333,
278,
280,
240,
219,
200,
176,
200,
171,
169,
171,
159,
162,
159,
169,
195,
235,
195,
219,
198,
172,
159,
138,
133,
89,
112,
103,
126,
126,
136,
131,
131,
129,
164,
176,
178,
171,
174,
174,
188,
185,
162,
152,
117,
105,
126,
108,
91,
98,
88,
62,
81,
57,
81,
84,
91,
143,
159,
148,
133,
129,
136,
105,
60,
69,
43,
24,
20,
10,
-10,
-10,
-15,
-6,
-1,
1,
5,
-10,
34,
22,
36,
31,
19,
1,
-12,
-72,
-77,
-110,
-129,
-143,
-159,
-172,
-224,
-214,
-233,
-207,
-200,
-188,
-193,
-174,
-171,
-166,
-150,
-176,
-214,
-197,
-200,
-202,
-250,
-250,
-261,
-245,
-247,
-247,
-262,
-273,
-266,
-223,
-176,
-157,
-98,
-98,
-102,
-48,
-29,
-65,
-43,
-41,
-44,
-67,
-50,
-64,
-50,
-43,
-38,
-34,
-20,
27,
67,
74,
103,
105,
124,
167,
164,
172,
171,
171,
162,
159,
117,
112,
88,
89,
96,
72,
86,
62,
91,
64,
100,
138,
124,
128,
95,
112,
108,
84,
79,
62,
41,
8,
-3,
-36,
-93,
-93,
-134,
-162,
-193,
-216,
-179,
-209,
-219,
-209,
-214,
-214,
-238,
-240,
-240,
-240,
-268,
-318,
-335,
-340,
-392,
-420,
-454,
-473,
-446,
-451,
-460,
-479,
-477,
-463,
-472,
-448,
-420,
-434,
-416,
-404,
-403,
-437,
-430,
-430,
-439,
-418,
-430,
-437,
-456,
-470,
-446,
-487,
-458,
-441,
-437,
-404,
-380,
-392,
-387,
-385,
-375,
-358,
-349,
-340,
-335,
-339,
-325,
-316,
-328,
-321,
-320,
-292,
-299,
-321,
-266,
-226,
-252,
-235,
-233,
-205,
-159,
-145,
-119,
-98,
-86,
-117,
-122,
-105,
-96,
-83,
-102,
-107,
-117,
-138,
-128,
-93,
-81,
-86,
-72,
-27,
-44,
-31,
-3,
22,
17,
32,
48,
13,
10,
1,
-5,
10,
-13,
-3,
-51,
-36,
-29,
17,
50,
43,
34,
38,
72,
89,
100,
114,
129,
122,
134,
150,
119,
138,
108,
103,
119,
134,
108,
126,
126,
155,
157,
162,
198,
214,
249,
231,
273,
295,
269,
309,
285,
276,
299,
314,
278,
275,
297,
304,
313,
295,
295,
295,
333,
347,
396,
404,
401,
430,
446,
441,
449,
427,
427,
392,
394,
392,
411,
413,
399,
385,
368,
380,
359,
333,
359,
375,
382,
380,
377,
394,
387,
406,
423,
430,
382,
370,
297,
254,
259,
216,
219,
233,
266,
278,
266,
285,
254,
316,
325,
288,
266,
257,
240,
209,
174,
136,
145,
114,
96,
86,
105,
93,
67,
95,
148,
131,
131,
145,
178,
169,
164,
190,
202,
212,
231,
243,
240,
221,
204,
224,
211,
216,
214,
195,
204,
219,
261,
299,
342,
356,
403,
413,
432,
465,
461,
505,
482,
475,
477,
442,
423,
442,
439,
423,
456,
468,
499,
479,
475,
537,
572,
558,
596,
596,
601,
608,
600,
570,
586,
563,
548,
536,
501,
512,
524,
494,
496,
456,
461,
454,
480,
468,
463,
487,
460,
441,
432,
420,
382,
363,
337,
297,
311,
290,
259,
264,
202,
216,
190,
167,
197,
193,
205,
212,
179,
164,
178,
147,
140,
108,
79,
50,
38,
34,
32,
-20,
-5,
-31,
-81,
-81,
-72,
-51,
-29,
-20,
-32,
-3,
-3,
-13,
3,
1,
19,
6,
-31,
-13,
-57,
-67,
-65,
-110,
-117,
-136,
-129,
-131,
-84,
-81,
-107,
-36,
-74,
-53,
-20,
-39,
1,
-20,
-24,
17,
29,
22,
19,
22,
-1,
0,
27,
31,
12,
34,
58,
89,
77,
110,
96,
91,
91,
96,
84,
83,
79,
77,
51,
48,
10,
31,
10,
15,
3,
-8,
13,
8,
27,
55,
31,
13,
39,
31,
5,
-12,
-6,
-39,
-38,
-69,
-83,
-72,
-143,
-159,
-186,
-205,
-195,
-221,
-221,
-224,
-200,
-195,
-197,
-160,
-183,
-195,
-167,
-159,
-126,
-162,
-195,
-216,
-230,
-257,
-259,
-269,
-271,
-290,
-271,
-278,
-283,
-236,
-219,
-178,
-169,
-167,
-171,
-171,
-167,
-155,
-112,
-126,
-96,
-114,
-110,
-117,
-150,
-126,
-128,
-77,
-76,
-74,
-39,
-19,
32,
53,
55,
70,
100,
114,
126,
96,
119,
114,
74,
79,
39,
43,
36,
50,
29,
31,
58,
55,
48,
60,
77,
86,
44,
44,
31,
43,
22,
-27,
-25,
-50,
-79,
-93,
-122,
-138,
-181,
-233,
-256,
-256,
-262,
-278,
-273,
-250,
-233,
-264,
-268,
-257,
-231,
-287,
-302,
-294,
-283,
-276,
-311,
-328,
-309,
-311,
-292,
-316,
-325,
-302,
-292,
-288,
-283,
-249,
-209,
-216,
-216,
-236,
-223,
-242,
-235,
-217,
-252,
-226,
-228,
-236,
-230,
-245,
-228,
-214,
-205,
-185,
-178,
-148,
-119,
-76,
-65,
-50,
-60,
-39,
-46,
-41,
-27,
-74,
-60,
-67,
-81,
-69,
-77,
-74,
-51,
-77,
-36,
1,
-25,
-20,
8,
15,
43,
29,
50,
29,
48,
34,
-8,
-5,
-8,
17,
19,
65,
50,
64,
67,
107,
86,
107,
108,
145,
136,
162,
164,
141,
181,
174,
153,
129,
143,
108,
84,
67,
84,
62,
65,
50,
60,
74,
76,
84,
83,
110,
157,
126,
145,
147,
136,
169,
157,
141,
183,
152,
160,
183,
172,
155,
188,
193,
228,
269,
268,
285,
287,
280,
328,
325,
318,
344,
337,
354,
325,
311,
316,
299,
273,
271,
285,
271,
276,
299,
302,
283,
300,
309,
337,
333,
340,
330,
333,
306,
261,
266,
285,
256,
245,
247,
231,
198,
243,
235,
235,
216,
224,
226,
219,
238,
174,
169,
148,
150,
129,
100,
91,
74,
43,
24,
34,
-5,
-22,
-53,
-44,
-64,
-81,
-58,
-69,
-79,
-93,
-93,
-93,
-117,
-122,
-107,
-84,
-103,
-93,
-74,
-69,
-91,
-103,
-136,
-129,
-81,
-86,
-86,
-55,
-36,
-39,
-24,
15,
10,
10,
34,
32,
62,
81,
98,
31,
32,
39,
62,
39,
57,
64,
72,
79,
108,
145,
160,
190,
250,
290,
271,
287,
278,
290,
283,
309,
290,
243,
273,
269,
254,
264,
294,
304,
299,
295,
330,
325,
318,
342,
373,
337,
345,
342,
363,
352,
375,
352,
344,
349,
314,
330,
311,
314,
309,
283,
314,
266,
292,
292,
264,
242,
261,
276,
224,
238,
186,
176,
148,
121,
105,
72,
64,
36,
-13,
-32,
-27,
-64,
-62,
-43,
-72,
-65,
-89,
-81,
-60,
-65,
-60,
-96,
-88,
-131,
-150,
-162,
-174,
-205,
-247,
-254,
-276,
-302,
-278,
-299,
-292,
-287,
-313,
-275,
-283,
-306,
-306,
-323,
-325,
-332,
-363,
-404,
-430,
-439,
-465,
-454,
-442,
-482,
-465,
-465,
-503,
-487,
-473,
-463,
-465,
-432,
-439,
-435,
-411,
-420,
-451,
-467,
-463,
-470,
-484,
-456,
-503,
-468,
-487,
-512,
-491,
-499,
-513,
-527,
-536,
-510,
-480,
-491,
-496,
-499,
-468,
-491,
-513,
-520,
-536,
-562,
-558,
-579,
-607,
-598,
-615,
-601,
-589,
-584,
-558,
-556,
-543,
-527,
-480,
-518,
-525,
-503,
-531,
-527,
-517,
-541,
-536,
-560,
-576,
-586,
-570,
-584,
-603,
-608,
-596,
-562,
-543,
-551,
-537,
-527,
-512,
-532,
-525,
-562,
-558,
-522,
-551,
-556,
-550,
-551,
-595,
-596,
-577,
-576,
-560,
-546,
-539,
-537,
-517,
-510,
-470,
-441,
-439,
-437,
-442,
-409,
-399,
-399,
-375,
-366,
-392,
-399,
-428,
-397,
-356,
-389,
-337,
-333,
-294,
-283,
-283,
-262,
-281,
-304,
-323,
-311,
-309,
-325,
-314,
-321,
-347,
-370,
-387,
-401,
-415,
-385,
-394,
-411,
-394,
-359,
-370,
-384,
-392,
-352,
-344,
-359,
-359,
-330,
-366,
-361,
-399,
-387,
-413,
-430,
-441,
-463,
-505,
-492,
-486,
-496,
-501,
-517,
-486,
-446,
-453,
-482,
-480,
-442,
-432,
-444,
-439,
-470,
-465,
-456,
-491,
-477,
-439,
-477,
-449,
-420,
-406,
-401,
-358,
-349,
-347,
-323,
-273,
-266,
-271,
-240,
-214,
-195,
-193,
-211,
-176,
-167,
-186,
-172,
-107,
-91,
-100,
-74,
-20,
-10,
12,
29,
36,
27,
55,
93,
57,
77,
65,
88,
96,
110,
131,
152,
164,
164,
178,
160,
159,
150,
172,
145,
159,
186,
216,
238,
259,
280,
249,
276,
280,
254,
243,
276,
264,
254,
233,
231,
231,
216,
233,
242,
240,
254,
273,
271,
292,
276,
261,
266,
250,
256,
228,
228,
233,
224,
224,
202,
190,
167,
160,
178,
155,
131,
122,
119,
124,
150,
160,
176,
219,
243,
243,
250,
257,
254,
247,
221,
202,
236,
252,
250,
254,
292,
297,
266,
264,
245,
261,
273,
283,
321,
330,
368,
349,
352,
340,
378,
358,
300,
281,
247,
250,
287,
256,
273,
278,
299,
285,
333,
316,
337,
356,
373,
342,
354,
330,
313,
295,
275,
252,
240,
266,
268,
280,
254,
247,
285,
292,
269,
302,
285,
288,
328,
314,
297,
287,
245,
290,
271,
223,
186,
179,
207,
195,
183,
152,
172,
169,
174,
197,
211,
176,
188,
212,
233,
219,
228,
238,
231,
235,
217,
202,
193,
188,
169,
181,
171,
143,
162,
169,
153,
164,
176,
190,
230,
198,
240,
269,
271,
247,
266,
268,
287,
290,
316,
320,
309,
292,
295,
328,
307,
330,
311,
344,
340,
363,
399,
371,
359,
392,
397,
401,
389,
368,
342,
332,
320,
340,
313,
320,
330,
332,
347,
363,
368,
345,
378,
368,
380,
385,
378,
377,
333,
339,
302,
307,
302,
285,
269,
283,
250,
224,
235,
209,
230,
209,
181,
176,
190,
167,
174,
171,
145,
131,
122,
107,
91,
76,
57,
72,
34,
19,
60,
58,
79,
88,
93,
84,
98,
119,
178,
176,
136,
141,
121,
114,
121,
100,
102,
93,
84,
79,
77,
67,
62,
62,
62,
58,
60,
69,
57,
83,
81,
65,
48,
39,
43,
34,
39,
60,
74,
67,
57,
50,
27,
46,
67,
38,
51,
86,
44,
39,
57,
72,
84,
55,
88,
79,
93,
89,
115,
96,
74,
64,
60,
25,
13,
10,
-20,
-15,
-41,
-22,
10,
15,
-22,
-29,
8,
-34,
-46,
-41,
-43,
-81,
-114,
-124,
-129,
-155,
-171,
-171,
-155,
-181,
-162,
-167,
-147,
-138,
-169,
-141,
-136,
-162,
-150,
-186,
-155,
-133,
-143,
-136,
-145,
-140,
-131,
-133,
-108,
-98,
-88,
-50,
-79,
-69,
-46,
-50,
-50,
-41,
-38,
-48,
-22,
-44,
-5,
-44,
-48,
-58,
-34,
-8,
-19,
-27,
-20,
-50,
-24,
-13,
-8,
8,
43,
43,
55,
62,
27,
39,
43,
55,
86,
126,
103,
107,
114,
84,
96,
110,
129,
140,
133,
119,
134,
145,
171,
171,
181,
181,
176,
171,
153,
138,
119,
107,
119,
141,
128,
136,
110,
138,
138,
131,
126,
76,
65,
69,
53,
79,
79,
96,
96,
86,
50,
36,
10,
0,
-13,
-1,
24,
-27,
-13,
-1,
1,
-12,
-62,
-8,
-8,
-31,
-36,
-48,
-72,
-53,
-74,
-74,
-67,
-100,
-96,
-133,
-96,
-110,
-124,
-100,
-77,
-105,
-91,
-86,
-58,
-46,
-3,
-1,
20,
13,
36,
72,
69,
84,
62,
70,
126,
96,
91,
60,
129,
131,
172,
179,
226,
245,
242,
278,
287,
309,
311,
328,
330,
326,
325,
333,
311,
340,
335,
337,
349,
323,
358,
366,
352,
352,
409,
444,
453,
442,
463,
444,
479,
487,
458,
472,
470,
479,
461,
456,
435,
422,
430,
406,
427,
397,
399,
387,
359,
361,
371,
403,
337,
359,
345,
302,
306,
299,
292,
287,
264,
276,
271,
238,
243,
233,
257,
247,
235,
240,
217,
233,
217,
221,
174,
155,
166,
164,
167,
153,
164,
136,
124,
107,
65,
36,
32,
31,
58,
67,
88,
65,
39,
46,
39,
36,
38,
-1,
-29,
-22,
-46,
-55,
-38,
-57,
-70,
-48,
-41,
-62,
-86,
-89,
-48,
-65,
-58,
-46,
-20,
-69,
-67,
-10,
-31,
-20,
-22,
-15,
17,
-17,
-15,
-53,
-79,
-72,
-70,
-79,
-117,
-86,
-96,
-112,
-136,
-129,
-122,
-157,
-167,
-150,
-181,
-186,
-164,
-186,
-197,
-183,
-236,
-299,
-283,
-299,
-287,
-268,
-264,
-283,
-281,
-264,
-290,
-285,
-281,
-304,
-323,
-340,
-332,
-377,
-382,
-394,
-375,
-375,
-409,
-401,
-427,
-420,
-408,
-432,
-382,
-378,
-387,
-387,
-361,
-333,
-332,
-323,
-314,
-316,
-306,
-302,
-300,
-307,
-281,
-290,
-269,
-273,
-328,
-313,
-271,
-256,
-250,
-226,
-193,
-178,
-157,
-145,
-138,
-110,
-114,
-131,
-145,
-93,
-95,
-108,
-72,
-103,
-148,
-119,
-128,
-112,
-148,
-126,
-162,
-183,
-166,
-162,
-138,
-160,
-178,
-178,
-197,
-155,
-138,
-185,
-205,
-278,
-271,
-269,
-302,
-307,
-325,
-361,
-358,
-385,
-394,
-404,
-373,
-397,
-404,
-420,
-420,
-446,
-465,
-475,
-489,
-522,
-520,
-536,
-529,
-567,
-579,
-572,
-551,
-572,
-563,
-546,
-551,
-503,
-517,
-475,
-451,
-448,
-437,
-432,
-411,
-422,
-439,
-423,
-439,
-451,
-406,
-425,
-434,
-404,
-375,
-361,
-349,
-328,
-280,
-292,
-257,
-238,
-238,
-224,
-205,
-193,
-186,
-183,
-186,
-195,
-150,
-160,
-153,
-159,
-181,
-167,
-153,
-114,
-79,
-95,
-77,
-48,
-62,
-67,
-60,
-29,
-70,
-38,
-77,
-112,
-96,
-119,
-95,
-102,
-121,
-115,
-110,
-117,
-114,
-128,
-112,
-93,
-93,
-95,
-79,
-76,
-86,
-79,
-119,
-98,
-115,
-143,
-148,
-145,
-119,
-119,
-138,
-159,
-181,
-164,
-185,
-143,
-98,
-102,
-96,
-95,
-88,
-77,
-88,
-84,
-108,
-100,
-141,
-124,
-95,
-79,
-102,
-105,
-60,
-79,
-86,
-57,
-32,
-20,
-5,
19,
13,
31,
39,
41,
83,
110,
112,
126,
107,
88,
112,
117,
141,
131,
112,
174,
172,
214,
224,
242,
254,
273,
261,
254,
283,
257,
238,
235,
238,
231,
204,
195,
247,
231,
231,
280,
281,
271,
299,
325,
333,
342,
352,
352,
318,
330,
330,
304,
328,
314,
294,
307,
316,
300,
309,
285,
269,
262,
280,
280,
273,
304,
335,
318,
292,
254,
238,
269,
257,
266,
280,
278,
292,
304,
299,
302,
323,
294,
302,
299,
318,
335,
337,
375,
373,
403,
399,
420,
408,
385,
442,
437,
463,
492,
480,
505,
484,
480,
499,
537,
541,
543,
572,
593,
591,
629,
586,
605,
664,
629,
593,
615,
600,
612,
596,
581,
612,
581,
577,
600,
588,
601,
581,
598,
572,
558,
556,
565,
567,
565,
577,
591,
543,
532,
520,
503,
491,
487,
486,
467,
479,
439,
418,
397,
411,
411,
384,
354,
321,
325,
306,
318,
288,
266,
269,
247,
240,
226,
209,
217,
190,
185,
160,
162,
164,
140,
131,
126,
166,
162,
147,
155,
166,
202,
190,
212,
174,
186,
174,
157,
195,
186,
200,
197,
188,
197,
193,
178,
186,
176,
193,
205,
195,
211,
183,
195,
212,
198,
233,
211,
219,
214,
245,
209,
216,
217,
217,
240,
243,
280,
287,
280,
299,
302,
349,
347,
377,
382,
396,
392,
397,
363,
352,
335,
323,
314,
323,
321,
304,
333,
323,
333,
344,
358,
323,
320,
323,
330,
314,
311,
306,
306,
271,
219,
254,
247,
195,
176,
172,
159,
159,
162,
136,
124,
98,
70,
77,
60,
65,
34,
31,
-1,
-39,
-36,
-43,
-72,
-122,
-129,
-141,
-128,
-117,
-121,
-105,
-110,
-121,
-126,
-131,
-148,
-141,
-105,
-124,
-102,
-147,
-192,
-205,
-223,
-219,
-226,
-238,
-252,
-252,
-245,
-283,
-276,
-228,
-202,
-233,
-224,
-195,
-205,
-176,
-198,
-200,
-171,
-171,
-202,
-205,
-217,
-214,
-233,
-275,
-252,
-242,
-230,
-242,
-271,
-287,
-285,
-302,
-271,
-276,
-309,
-323,
-333,
-344,
-352,
-328,
-323,
-347,
-335,
-354,
-358,
-378,
-418,
-415,
-401,
-392,
-397,
-378,
-378,
-399,
-404,
-382,
-418,
-385,
-366,
-416,
-406,
-397,
-422,
-456,
-463,
-508,
-512,
-487,
-512,
-531,
-520,
-505,
-506,
-472,
-480,
-480,
-453,
-486,
-477,
-484,
-489,
-468,
-449,
-468,
-487,
-454,
-423,
-434,
-454,
-482,
-456,
-444,
-437,
-442,
-437,
-442,
-446,
-382,
-371,
-368,
-347,
-363,
-328,
-325,
-352,
-337,
-321,
-333,
-332,
-309,
-287,
-295,
-297,
-304,
-302,
-281,
-273,
-254,
-257,
-266,
-273,
-247,
-216,
-247,
-235,
-216,
-231,
-223,
-193,
-197,
-188,
-195,
-190,
-183,
-186,
-171,
-159,
-98,
-93,
-77,
-46,
-13,
-32,
-62,
-53,
-55,
-69,
-50,
-81,
-36,
-74,
-55,
-43,
-69,
-55,
-12,
-36,
1,
13,
12,
3,
-13,
-24,
1,
13,
-34,
-51,
-57,
-48,
-53,
-36,
-79,
-62,
-62,
-60,
-58,
-51,
-62,
-29,
-69,
-39,
-53,
-43,
-53,
-62,
-29,
-39,
-48,
-27,
-38,
-20,
-55,
-31,
-38,
-22,
-10,
-15,
1,
-17,
-24,
-48,
-31,
-24,
-3,
27,
46,
60,
77,
105,
117,
159,
155,
155,
134,
110,
79,
50,
60,
31,
64,
39,
12,
34,
65,
58,
44,
58,
46,
67,
81,
64,
58,
44,
27,
-3,
15,
17,
5,
20,
31,
46,
50,
50,
72,
84,
74,
105,
77,
70,
46,
46,
29,
62,
46,
32,
20,
27,
62,
74,
67,
81,
41,
36,
57,
70,
44,
57,
65,
88,
98,
91,
124,
103,
86,
93,
100,
74,
91,
88,
65,
60,
81,
102,
81,
76,
86,
83,
103,
119,
124,
107,
102,
124,
134,
126,
119,
110,
103,
136,
100,
108,
93,
133,
115,
115,
186,
167,
122,
134,
152,
115,
157,
171,
183,
188,
190,
179,
197,
207,
155,
160,
136,
148,
157,
136,
159,
157,
140,
143,
164,
190,
209,
205,
214,
193,
178,
185,
185,
179,
155,
141,
124,
105,
126,
96,
83,
79,
77,
72,
32,
29,
41,
41,
34,
-15,
-43,
-81,
-69,
-93,
-122,
-129,
-159,
-157,
-198,
-204,
-204,
-211,
-250,
-254,
-221,
-209,
-205,
-219,
-221,
-204,
-197,
-174,
-202,
-169,
-195,
-231,
-249,
-250,
-245,
-259,
-266,
-269,
-287,
-276,
-262,
-238,
-235,
-243,
-226,
-228,
-236,
-271,
-252,
-264,
-254,
-281,
-292,
-285,
-304,
-316,
-326,
-307,
-295,
-300,
-330,
-306,
-323,
-323,
-297,
-299,
-242,
-236,
-247,
-269,
-233,
-287,
-297,
-280,
-299,
-288,
-252,
-242,
-268,
-261,
-273,
-278,
-273,
-266,
-285,
-295,
-290,
-299,
-273,
-280,
-297,
-276,
-292,
-311,
-292,
-283,
-280,
-266,
-297,
-309,
-323,
-366,
-342,
-318,
-340,
-321,
-354,
-347,
-333,
-325,
-333,
-323,
-283,
-320,
-295,
-299,
-302,
-280,
-294,
-295,
-306,
-316,
-326,
-295,
-297,
-278,
-271,
-306,
-264,
-261,
-249,
-290,
-302,
-340,
-351,
-359,
-354,
-359,
-390,
-377,
-375,
-368,
-373,
-359,
-356,
-368,
-375,
-389,
-406,
-434,
-430,
-428,
-425,
-411,
-446,
-406,
-380,
-420,
-425,
-420,
-415,
-423,
-442,
-432,
-441,
-442,
-453,
-470,
-491,
-503,
-482,
-487,
-489,
-489,
-460,
-451,
-480,
-494,
-437,
-408,
-394,
-394,
-382,
-392,
-401,
-403,
-403,
-430,
-387,
-397,
-380,
-359,
-364,
-356,
-384,
-377,
-394,
-389,
-408,
-382,
-396,
-377,
-359,
-373,
-354,
-363,
-349,
-347,
-373,
-358,
-354,
-347,
-333,
-361,
-335,
-323,
-299,
-323,
-311,
-290,
-273,
-276,
-273,
-228,
-221,
-240,
-211,
-212,
-233,
-230,
-224,
-247,
-233,
-204,
-171,
-178,
-150,
-169,
-174,
-134,
-159,
-121,
-117,
-91,
-81,
-79,
-65,
-55,
-53,
-46,
-57,
-50,
-65,
-15,
24,
29,
51,
67,
86,
91,
100,
119,
153,
181,
159,
122,
155,
162,
167,
176,
157,
145,
155,
140,
122,
112,
129,
141,
141,
133,
105,
129,
134,
136,
155,
181,
179,
145,
153,
136,
141,
141,
96,
140,
143,
124,
95,
117,
98,
105,
95,
107,
105,
74,
117,
119,
150,
176,
88,
112,
119,
64,
91,
98,
81,
128,
110,
131,
121,
131,
171,
141,
176,
214,
212,
238,
221,
233,
231,
214,
256,
231,
235,
223,
276,
276,
280,
283,
297,
318,
318,
354,
356,
370,
397,
394,
409,
415,
444,
501,
487,
461,
472,
477,
463,
456,
472,
454,
449,
472,
491,
484,
506,
517,
531,
565,
581,
560,
565,
586,
572,
577,
579,
614,
614,
617,
598,
562,
608,
610,
612,
600,
605,
607,
598,
620,
598,
588,
619,
603,
588,
608,
596,
588,
572,
574,
532,
556,
556,
543,
536,
513,
520,
506,
513,
503,
496,
479,
503,
484,
496,
501,
508,
484,
479,
472,
482,
442,
449,
458,
392,
411,
385,
366,
333,
328,
318,
333,
294,
314,
326,
323,
347,
323,
328,
318,
299,
302,
311,
297,
292,
287,
269,
242,
245,
264,
256,
261,
257,
275,
292,
250,
276,
262,
266,
295,
273,
290,
285,
276,
247,
259,
240,
207,
212,
195,
200,
214,
169,
200,
221,
183,
188,
166,
134,
126,
126,
119,
103,
76,
65,
72,
31,
12,
32,
-5,
-15,
17,
-13,
-41,
-55,
-43,
-43,
-65,
-89,
-89,
-79,
-72,
-74,
-91,
-77,
-81,
-84,
-74,
-100,
-112,
-119,
-91,
-150,
-110,
-98,
-126,
-114,
-115,
-110,
-102,
-100,
-117,
-81,
-69,
-81,
-91,
-81,
-96,
-96,
-100,
-98,
-76,
-98,
-100,
-129,
-110,
-105,
-103,
-95,
-50,
-15,
-19,
-24,
-41,
-5,
20,
31,
62,
60,
48,
48,
69,
74,
81,
110,
112,
67,
115,
100,
124,
148,
148,
174,
157,
157,
157,
152,
186,
174,
176,
219,
228,
200,
207,
172,
174,
147,
138,
107,
91,
79,
77,
77,
53,
60,
84,
84,
65,
62,
64,
55,
69,
50,
31,
20,
-15,
-5,
-10,
-29,
-27,
-41,
-24,
-34,
-24,
-60,
-44,
-81,
-39,
-27,
-43,
-34,
-24,
-53,
-53,
-64,
-55,
-53,
-55,
-58,
-67,
-81,
-91,
-77,
-79,
-83,
-53,
-15,
8,
-1,
-3,
46,
55,
81,
77,
46,
55,
31,
29,
34,
43,
48,
25,
36,
24,
43,
31,
31,
51,
39,
8,
10,
8,
29,
32,
36,
50,
55,
93,
89,
48,
29,
38,
25,
32,
53,
46,
93,
60,
77,
86,
60,
119,
89,
88,
83,
69,
77,
70,
64,
60,
96,
79,
55,
53,
34,
25,
29,
36,
29,
13,
29,
43,
15,
8,
10,
58,
38,
38,
53,
50,
51,
62,
20,
-5,
15,
-15,
-22,
-10,
8,
13,
0,
13,
39,
17,
10,
58,
44,
69,
57,
93,
110,
88,
77,
95,
110,
112,
128,
147,
148,
157,
147,
159,
169,
181,
188,
193,
195,
211,
216,
211,
212,
226,
238,
216,
221,
245,
233,
202,
212,
247,
224,
238,
238,
205,
211,
214,
226,
231,
262,
273,
261,
276,
252,
264,
269,
278,
285,
269,
269,
252,
250,
271,
262,
257,
271,
280,
280,
309,
302,
280,
278,
271,
231,
242,
207,
197,
205,
174,
171,
167,
171,
186,
190,
181,
172,
179,
197,
200,
214,
207,
207,
190,
200,
202,
214,
200,
162,
188,
193,
183,
190,
186,
167,
181,
200,
157,
176,
171,
152,
143,
155,
157,
128,
147,
126,
110,
103,
93,
79,
60,
58,
58,
51,
50,
17,
-1,
3,
-19,
-13,
-1,
-3,
-20,
-29,
-62,
-41,
-76,
-62,
-55,
-60,
-58,
-72,
-43,
-48,
-95,
-83,
-112,
-86,
-86,
-91,
-89,
-84,
-88,
-81,
-55,
-76,
-50,
-55,
-88,
-51,
-79,
-81,
-91,
-89,
-83,
-58,
-69,
-103,
-86,
-105,
-96,
-110,
-136,
-103,
-58,
-77,
-107,
-60,
-86,
-98,
-100,
-96,
-105,
-93,
-98,
-100,
-74,
-89,
-107,
-100,
-86,
-86,
-93,
-98,
-95,
-100,
-110,
-114,
-110,
-133,
-152,
-164,
-122,
-164,
-148,
-141,
-124,
-145,
-181,
-200,
-193,
-226,
-219,
-204,
-228,
-266,
-283,
-254,
-268,
-261,
-269,
-294,
-287,
-280,
-280,
-271,
-280,
-280,
-285,
-314,
-323,
-356,
-342,
-361,
-375,
-375,
-366,
-366,
-392,
-392,
-390,
-397,
-456,
-448,
-441,
-468,
-463,
-442,
-468,
-444,
-473,
-465,
-479,
-458,
-482,
-454,
-465,
-475,
-494,
-479,
-454,
-473,
-463,
-477,
-460,
-480,
-472,
-430,
-432,
-415,
-456,
-458,
-442,
-437,
-430,
-418,
-397,
-422,
-420,
-442,
-461,
-423,
-413,
-389,
-389,
-389,
-378,
-397,
-384,
-359,
-352,
-325,
-349,
-364,
-359,
-342,
-342,
-342,
-328,
-330,
-304,
-261,
-243,
-235,
-214,
-198,
-181,
-193,
-212,
-209,
-186,
-198,
-205,
-192,
-204,
-192,
-224,
-214,
-198,
-190,
-176,
-169,
-138,
-133,
-103,
-84,
-72,
-50,
-77,
-55,
-60,
-93,
-84,
-70,
-70,
-91,
-100,
-100,
-60,
-51,
-31,
-39,
-22,
-17,
10,
8,
6,
-3,
-15,
-22,
-29,
1,
50,
31,
17,
55,
39,
32,
69,
60,
10,
44,
60,
57,
48,
17,
10,
20,
22,
44,
41,
20,
19,
27,
69,
67,
79,
62,
31,
44,
53,
34,
79,
53,
67,
60,
64,
105,
65,
119,
96,
62,
84,
95,
102,
70,
70,
67,
98,
72,
76,
103,
70,
84,
79,
79,
114,
96,
103,
103,
133,
157,
162,
181,
178,
219,
217,
223,
235,
205,
219,
235,
224,
240,
243,
325,
370,
371,
384,
363,
394,
396,
418,
432,
437,
472,
482,
489,
449,
470,
475,
487,
486,
506,
520,
499,
482,
517,
510,
494,
508,
494,
477,
498,
512,
539,
562,
555,
524,
551,
560,
522,
527,
525,
512,
522,
510,
512,
477,
510,
517,
489,
489,
506,
477,
463,
454,
437,
446,
442,
460,
472,
489,
480,
477,
491,
461,
499,
465,
463,
472,
418,
458,
422,
435,
441,
422,
427,
392,
399,
422,
420,
404,
394,
420,
401,
359,
359,
361,
347,
339,
323,
325,
356,
366,
373,
404,
444,
404,
423,
416,
411,
377,
392,
411,
385,
380,
387,
359,
363,
375,
380,
377,
347,
333,
335,
314,
323,
335,
304,
311,
316,
332,
330,
300,
290,
283,
311,
285,
278,
233,
214,
212,
202,
193,
214,
185,
188,
205,
167,
152,
164,
145,
155,
133,
138,
124,
119,
100,
117,
98,
69,
48,
41,
38,
60,
74,
43,
65,
48,
70,
55,
89,
83,
93,
62,
44,
31,
12,
5,
-13,
-13,
-25,
-34,
-74,
-60,
-81,
-81,
-41,
-34,
-10,
-24,
-22,
-12,
12,
-3,
-5,
0,
22,
27,
31,
46,
50,
100,
96,
108,
93,
93,
102,
62,
64,
62,
69,
53,
86,
84,
98,
88,
74,
81,
91,
70,
57,
65,
48,
32,
32,
10,
24,
41,
20,
41,
-3,
-20,
-39,
-25,
-44,
-43,
-57,
-69,
-96,
-105,
-124,
-105,
-152,
-152,
-181,
-188,
-198,
-209,
-224,
-245,
-264,
-285,
-250,
-245,
-247,
-276,
-264,
-271,
-276,
-271,
-299,
-283,
-280,
-271,
-287,
-285,
-285,
-288,
-283,
-295,
-288,
-287,
-302,
-266,
-280,
-264,
-238,
-231,
-204,
-228,
-233,
-230,
-266,
-242,
-233,
-249,
-240,
-273,
-269,
-259,
-249,
-238,
-245,
-257,
-250,
-236,
-221,
-221,
-193,
-217,
-207,
-204,
-226,
-223,
-212,
-233,
-219,
-223,
-183,
-198,
-242,
-247,
-228,
-226,
-231,
-224,
-236,
-245,
-264,
-271,
-264,
-256,
-243,
-236,
-261,
-259,
-266,
-278,
-271,
-261,
-280,
-278,
-264,
-264,
-256,
-287,
-257,
-264,
-269,
-242,
-269,
-228,
-202,
-231,
-200,
-238,
-257,
-283,
-261,
-264,
-288,
-306,
-297,
-316,
-311,
-290,
-304,
-280,
-283,
-261,
-297,
-290,
-233,
-231,
-283,
-269,
-273,
-247,
-252,
-254,
-252,
-261,
-233,
-269,
-302,
-285,
-313,
-314,
-295,
-318,
-333,
-309,
-300,
-297,
-302,
-257,
-226,
-226,
-250,
-257,
-214,
-202,
-216,
-178,
-197,
-209,
-205,
-205,
-198,
-171,
-176,
-183,
-148,
-119,
-122,
-136,
-107,
-145,
-143,
-122,
-117,
-119,
-124,
-128,
-167,
-197,
-167,
-164,
-164,
-134,
-133,
-143,
-119,
-81,
-67,
-79,
-86,
-98,
-65,
-88,
-84,
-76,
-57,
-74,
-84,
-91,
-100,
-103,
-107,
-129,
-110,
-67,
-100,
-72,
-96,
-81,
-72,
-65,
-62,
-88,
-74,
-69,
-93,
-70,
-60,
-39,
-34,
-15,
3,
-19,
-25,
22,
19,
13,
29,
12,
22,
29,
12,
12,
5,
20,
24,
81,
93,
122,
79,
122,
95,
133,
164,
143,
133,
124,
160,
150,
185,
195,
214,
259,
245,
243,
238,
212,
230,
231,
240,
221,
224,
221,
192,
216,
214,
233,
223,
217,
247,
207,
171,
171,
167,
176,
152,
172,
179,
129,
133,
134,
93,
112,
110,
84,
96,
77,
70,
69,
74,
86,
77,
83,
81,
58,
50,
53,
65,
91,
105,
119,
124,
112,
115,
124,
121,
107,
76,
84,
93,
105,
62,
81,
62,
96,
102,
91,
88,
79,
98,
110,
148,
153,
126,
141,
124,
105,
126,
129,
126,
112,
98,
79,
62,
86,
77,
119,
121,
100,
107,
126,
155,
126,
138,
91,
114,
107,
88,
119,
117,
129,
86,
89,
91,
108,
79,
76,
91,
60,
58,
20,
17,
29,
50,
46,
24,
60,
81,
58,
34,
43,
32,
58,
53,
67,
53,
43,
29,
39,
36,
48,
29,
57,
70,
77,
55,
60,
36,
10,
38,
25,
25,
3,
8,
-12,
-24,
-12,
-50,
-29,
-20,
-20,
-38,
-58,
-60,
-57,
-96,
-124,
-115,
-128,
-157,
-160,
-169,
-179,
-179,
-193,
-183,
-185,
-202,
-226,
-217,
-214,
-219,
-217,
-242,
-261,
-252,
-238,
-233,
-221,
-212,
-219,
-256,
-259,
-257,
-290,
-333,
-332,
-349,
-363,
-344,
-344,
-363,
-375,
-366,
-378,
-378,
-392,
-390,
-377,
-378,
-392,
-363,
-359,
-359,
-385,
-389,
-411,
-427,
-432,
-427,
-430,
-415,
-399,
-385,
-378,
-366,
-397,
-399,
-390,
-392,
-390,
-354,
-358,
-375,
-390,
-363,
-380,
-390,
-399,
-385,
-382,
-375,
-361,
-368,
-358,
-342,
-328,
-344,
-368,
-396,
-397,
-390,
-385,
-384,
-382,
-392,
-368,
-373,
-382,
-377,
-404,
-401,
-392,
-411,
-394,
-363,
-385,
-394,
-415,
-406,
-387,
-368,
-380,
-370,
-373,
-373,
-363,
-382,
-408,
-420,
-413,
-408,
-403,
-401,
-380,
-406,
-427,
-408,
-420,
-406,
-409,
-413,
-404,
-404,
-397,
-397,
-404,
-409,
-441,
-444,
-456,
-465,
-442,
-434,
-454,
-423,
-430,
-446,
-394,
-406,
-375,
-337,
-349,
-330,
-300,
-311,
-295,
-295,
-297,
-280,
-271,
-297,
-276,
-271,
-281,
-252,
-240,
-231,
-212,
-172,
-166,
-150,
-171,
-164,
-179,
-141,
-148,
-152,
-159,
-152,
-117,
-110,
-122,
-119,
-112,
-110,
-107,
-93,
-72,
-48,
-41,
-17,
-31,
-41,
-3,
-32,
-8,
-5,
-1,
8,
5,
3,
34,
20,
13,
20,
17,
13,
12,
3,
20,
17,
29,
41,
36,
39,
31,
62,
48,
17,
22,
-3,
8,
5,
-24,
-5,
-1,
-20,
-55,
-48,
-1,
-6,
15,
20,
38,
31,
36,
46,
50,
64,
55,
83,
84,
86,
98,
119,
117,
126,
136,
145,
121,
134,
117,
126,
124,
112,
136,
122,
126,
96,
119,
107,
107,
110,
102,
100,
86,
79,
32,
57,
62,
48,
55,
41,
-1,
13,
-15,
-17,
-15,
-1,
-3,
31,
44,
44,
51,
50,
38,
20,
27,
50,
34,
55,
39,
39,
77,
65,
76,
117,
103,
91,
119,
148,
129,
155,
157,
150,
150,
117,
105,
115,
119,
145,
152,
167,
148,
147,
167,
174,
174,
186,
183,
183,
205,
252,
261,
266,
268,
276,
328,
330,
354,
368,
368,
384,
382,
399,
394,
439,
420,
423,
446,
439,
475,
510,
520,
536,
513,
494,
517,
515,
562,
539,
543,
522,
548,
577,
527,
510,
513,
515,
520,
548,
536,
515,
536,
515,
515,
518,
499,
515,
565,
584,
560,
544,
550,
536,
513,
506,
498,
479,
522,
510,
477,
470,
472,
449,
458,
427,
397,
441,
415,
430,
428,
415,
425,
434,
409,
385,
394,
392,
354,
340,
306,
316,
318,
297,
332,
311,
292,
307,
299,
252,
269,
262,
224,
235,
228,
207,
226,
205,
167,
186,
160,
183,
166,
143,
150,
155,
167,
174,
171,
133,
150,
164,
141,
153,
167,
188,
159,
183,
183,
155,
174,
159,
117,
148,
183,
167,
136,
131,
171,
198,
228,
245,
226,
214,
192,
174,
174,
157,
148,
143,
171,
147,
136,
129,
157,
155,
134,
126,
138,
126,
117,
148,
141,
145,
119,
122,
140,
133,
128,
136,
148,
129,
117,
100,
126,
117,
119,
105,
110,
141,
133,
143,
129,
145,
152,
134,
152,
112,
110,
55,
91,
81,
72,
62,
81,
62,
50,
48,
43,
74,
65,
53,
53,
38,
60,
51,
8,
20,
29,
5,
31,
-3,
-31,
-29,
-55,
-50,
-36,
-70,
-96,
-88,
-69,
-77,
-103,
-83,
-50,
-32,
-62,
-79,
-58,
-103,
-112,
-119,
-107,
-96,
-98,
-98,
-119,
-117,
-95,
-89,
-124,
-112,
-110,
-112,
-145,
-145,
-157,
-205,
-150,
-122,
-188,
-147,
-155,
-155,
-157,
-166,
-155,
-167,
-162,
-169,
-174,
-188,
-195,
-228,
-235,
-197,
-190,
-207,
-226,
-211,
-217,
-235,
-207,
-207,
-219,
-235,
-226,
-240,
-250,
-261,
-264,
-254,
-223,
-216,
-214,
-216,
-219,
-209,
-204,
-181,
-181,
-174,
-197,
-195,
-155,
-155,
-152,
-147,
-121,
-133,
-164,
-124,
-105,
-93,
-84,
-86,
-103,
-103,
-91,
-57,
-39,
-67,
-65,
-81,
-72,
-77,
-58,
-58,
-53,
-43,
-69,
-60,
-27,
-29,
5,
10,
-17,
5,
20,
5,
10,
10,
-15,
-24,
-10,
-6,
-27,
-1,
13,
3,
-10,
-20,
8,
-12,
-1,
3,
-13,
1,
-13,
-3,
13,
-3,
5,
25,
74,
53,
24,
15,
17,
27,
60,
57,
69,
50,
67,
93,
72,
91,
77,
60,
69,
67,
74,
69,
79,
89,
98,
84,
81,
62,
110,
84,
62,
84,
76,
91,
84,
62,
57,
60,
62,
83,
91,
100,
93,
141,
136,
141,
155,
148,
145,
166,
159,
164,
181,
166,
185,
183,
169,
181,
179,
202,
209,
181,
190,
204,
211,
216,
205,
242,
264,
302,
340,
351,
333,
328,
354,
335,
359,
352,
363,
375,
378,
399,
389,
378,
428,
418,
420,
427,
432,
439,
434,
449,
460,
453,
435,
403,
404,
380,
364,
347,
347,
342,
320,
347,
337,
313,
320,
320,
311,
318,
333,
295,
294,
290,
288,
278,
306,
285,
257,
276,
262,
254,
233,
238,
275,
235,
243,
273,
257,
273,
285,
300,
325,
307,
330,
316,
321,
299,
269,
261,
256,
233,
256,
259,
228,
290,
318,
304,
326,
295,
292,
294,
283,
280,
287,
275,
287,
238,
257,
280,
273,
273,
245,
262,
262,
238,
249,
221,
228,
209,
205,
183,
181,
216,
186,
178,
150,
131,
136,
81,
60,
70,
48,
34,
32,
51,
36,
20,
22,
-15,
5,
5,
-24,
-34,
-5,
25,
22,
24,
1,
1,
24,
-22,
-55,
-38,
-34,
-74,
-58,
-77,
-58,
-31,
-58,
-41,
-6,
-55,
-57,
-58,
-46,
-53,
-43,
-36,
-44,
-48,
-50,
-53,
-48,
-65,
-43,
-74,
-70,
-50,
-83,
-50,
-65,
-64,
-86,
-70,
-60,
-105,
-110,
-88,
-138,
-143,
-150,
-176,
-192,
-193,
-174,
-181,
-188,
-211,
-226,
-240,
-247,
-247,
-242,
-238,
-216,
-192,
-178,
-169,
-200,
-202,
-176,
-164,
-167,
-216,
-205,
-188,
-185,
-181,
-176,
-198,
-176,
-179,
-207,
-195,
-226,
-228,
-221,
-233,
-240,
-230,
-214,
-242,
-262,
-231,
-238,
-259,
-235,
-224,
-247,
-269,
-250,
-269,
-254,
-252,
-256,
-261,
-269,
-275,
-264,
-257,
-269,
-264,
-259,
-273,
-273,
-271,
-283,
-285,
-292,
-285,
-295,
-280,
-330,
-351,
-335,
-337,
-328,
-344,
-309,
-297,
-276,
-287,
-290,
-285,
-309,
-316,
-299,
-311,
-314,
-309,
-304,
-332,
-356,
-337,
-363,
-385,
-349,
-378,
-408,
-427,
-370,
-420,
-416,
-425,
-422,
-437,
-460,
-439,
-432,
-416,
-390,
-394,
-397,
-382,
-387,
-387,
-371,
-373,
-406,
-439,
-442,
-425,
-406,
-403,
-375,
-375,
-373,
-363,
-368,
-335,
-370,
-366,
-352,
-335,
-342,
-356,
-333,
-337,
-339,
-318,
-321,
-292,
-283,
-294,
-287,
-264,
-271,
-262,
-247,
-266,
-280,
-273,
-297,
-311,
-313,
-333,
-311,
-287,
-287,
-271,
-269,
-268,
-243,
-224,
-207,
-185,
-202,
-190,
-202,
-195,
-171,
-150,
-136,
-160,
-171,
-141,
-145,
-147,
-122,
-129,
-122,
-100,
-69,
-100,
-72,
-65,
-67,
-48,
-38,
-1,
3,
-13,
-6,
-10,
0,
-8,
-8,
-32,
-41,
-55,
-43,
-15,
-17,
-5,
-24,
-8,
12,
-15,
10,
-1,
32,
81,
86,
62,
53,
81,
65,
79,
81,
62,
103,
136,
152,
162,
166,
209,
202,
183,
233,
257,
231,
266,
250,
283,
271,
269,
302,
311,
285,
307,
349,
359,
370,
361,
385,
397,
406,
378,
401,
392,
403,
418,
408,
389,
404,
404,
396,
392,
399,
404,
389,
415,
420,
399,
382,
397,
370,
361,
387,
382,
387,
401,
394,
358,
333,
323,
299,
320,
330,
323,
340,
347,
304,
304,
264,
261,
254,
266,
249,
273,
268,
212,
207,
224,
204,
221,
231,
216,
204,
202,
190,
209,
185,
181,
186,
183,
200,
178,
204,
181,
192,
226,
238,
266,
266,
257,
259,
238,
268,
259,
247,
269,
250,
275,
233,
230,
214,
245,
240,
235,
264,
295,
287,
264,
280,
313,
306,
325,
330,
307,
290,
302,
323,
309,
323,
354,
328,
320,
344,
361,
408,
387,
406,
411,
404,
437,
439,
434,
418,
432,
441,
434,
415,
448,
408,
418,
430,
422,
415,
427,
423,
423,
435,
434,
439,
432,
425,
454,
437,
444,
453,
409,
456,
442,
449,
465,
467,
449,
444,
458,
442,
449,
418,
418,
418,
418,
387,
413,
437,
435,
467,
468,
442,
418,
399,
404,
392,
347,
344,
342,
337,
326,
297,
252,
243,
256,
264,
245,
224,
216,
236,
226,
221,
245,
217,
207,
181,
171,
224,
169,
176,
145,
136,
126,
122,
74,
112,
134,
103,
114,
67,
53,
53,
60,
5,
10,
13,
3,
3,
-27,
-50,
-76,
-70,
-36,
-58,
-55,
-86,
-70,
-84,
-126,
-124,
-133,
-108,
-152,
-162,
-188,
-162,
-145,
-107,
-86,
-79,
-76,
-107,
-138,
-178,
-183,
-169,
-183,
-216,
-216,
-204,
-198,
-231,
-240,
-216,
-235,
-240,
-256,
-276,
-290,
-259,
-262,
-254,
-281,
-280,
-285,
-261,
-250,
-254,
-228,
-238,
-202,
-238,
-212,
-224,
-186,
-195,
-214,
-185,
-188,
-171,
-105,
-133,
-129,
-98,
-96,
-74,
-79,
-95,
-103,
-112,
-126,
-128,
-141,
-114,
-105,
-105,
-74,
-88,
-69,
-83,
-72,
-65,
-57,
-34,
-48,
-58,
-55,
-27,
-41,
-62,
-57,
-79,
-96,
-103,
-108,
-103,
-129,
-140,
-155,
-153,
-159,
-128,
-160,
-207,
-195,
-174,
-200,
-190,
-192,
-224,
-190,
-233,
-250,
-242,
-269,
-259,
-259,
-242,
-219,
-228,
-228,
-226,
-221,
-235,
-235,
-243,
-233,
-245,
-231,
-259,
-271,
-223,
-235,
-231,
-198,
-207,
-235,
-226,
-226,
-216,
-178,
-195,
-197,
-188,
-193,
-145,
-143,
-164,
-148,
-148,
-129,
-117,
-141,
-145,
-126,
-136,
-122,
-136,
-138,
-131,
-147,
-148,
-119,
-83,
-55,
-58,
-81,
-93,
-79,
-67,
-62,
-76,
-86,
-96,
-89,
-76,
-65,
-72,
-77,
-34,
-60,
-65,
-89,
-81,
-83,
-74,
-64,
-84,
-83,
-108,
-86,
-86,
-67,
-72,
-24,
-62,
-91,
-86,
-51,
-1,
-36,
-34,
-10,
8,
60,
65,
58,
74,
91,
72,
72,
39,
31,
84,
96,
84,
74,
91,
117,
124,
81,
84,
70,
96,
88,
60,
89,
84,
121,
77,
91,
115,
148,
119,
143,
143,
129,
115,
98,
107,
141,
155,
141,
141,
150,
148,
133,
143,
134,
185,
192,
195,
226,
205,
219,
226,
212,
178,
174,
167,
148,
150,
152,
148,
128,
143,
136,
162,
209,
178,
178,
141,
138,
143,
121,
141,
119,
76,
74,
34,
34,
58,
50,
86,
60,
86,
76,
41,
32,
60,
62,
27,
64,
34,
43,
58,
55,
34,
27,
50,
70,
43,
25,
38,
29,
29,
41,
8,
-8,
20,
13,
-3,
1,
-3,
22,
29,
-12,
25,
10,
27,
8,
3,
8,
-10,
-8,
15,
1,
12,
15,
5,
34,
55,
34,
64,
77,
60,
65,
46,
58,
98,
74,
81,
86,
103,
83,
107,
129,
117,
110,
121,
122,
119,
133,
98,
81,
107,
79,
46,
55,
38,
3,
27,
24,
50,
34,
13,
34,
-12,
-25,
5,
-3,
-46,
-41,
-17,
-57,
-79,
-81,
-72,
-79,
-98,
-114,
-124,
-128,
-98,
-114,
-100,
-93,
-98,
-114,
-103,
-145,
-152,
-108,
-129,
-122,
-114,
-103,
-86,
-62,
-88,
-84,
-79,
-89,
-81,
-67,
-96,
-72,
-102,
-96,
-103,
-100,
-119,
-126,
-96,
-122,
-129,
-136,
-143,
-136,
-143,
-129,
-110,
-140,
-152,
-98,
-124,
-122,
-122,
-143,
-119,
-121,
-117,
-124,
-131,
-157,
-141,
-133,
-162,
-181,
-171,
-152,
-181,
-221,
-261,
-285,
-300,
-323,
-325,
-385,
-397,
-382,
-397,
-399,
-409,
-420,
-430,
-441,
-451,
-467,
-480,
-479,
-477,
-472,
-480,
-487,
-479,
-482,
-477,
-437,
-461,
-477,
-477,
-484,
-506,
-496,
-498,
-496,
-477,
-501,
-492,
-468,
-465,
-532,
-536,
-548,
-536,
-517,
-527,
-529,
-541,
-543,
-558,
-527,
-539,
-596,
-558,
-551,
-567,
-572,
-619,
-638,
-615,
-612,
-638,
-605,
-619,
-634,
-626,
-612,
-600,
-627,
-653,
-650,
-688,
-669,
-681,
-653,
-665,
-646,
-638,
-643,
-617,
-643,
-631,
-634,
-615,
-634,
-605,
-629,
-641,
-636,
-646,
-589,
-567,
-577,
-562,
-563,
-551,
-543,
-539,
-520,
-494,
-492,
-480,
-458,
-449,
-456,
-409,
-373,
-373,
-358,
-358,
-326,
-314,
-299,
-300,
-302,
-283,
-273,
-278,
-283,
-264,
-262,
-269,
-242,
-217,
-214,
-245,
-230,
-214,
-204,
-200,
-183,
-162,
-176,
-157,
-155,
-174,
-167,
-124,
-138,
-136,
-134,
-129,
-129,
-122,
-112,
-91,
-41,
-27,
-19,
-8,
19,
31,
17,
36,
29,
17,
31,
36,
24,
17,
10,
19,
41,
34,
32,
39,
62,
72,
83,
103,
86,
46,
65,
76,
58,
86,
69,
55,
48,
39,
53,
34,
44,
41,
55,
46,
20,
48,
50,
43,
67,
44,
55,
48,
65,
72,
65,
77,
77,
69,
67,
48,
62,
81,
65,
74,
91,
77,
100,
110,
83,
93,
107,
107,
86,
98,
110,
91,
64,
72,
81,
74,
84,
83,
67,
93,
96,
131,
89,
138,
145,
112,
181,
183,
197,
195,
231,
178,
164,
211,
195,
186,
207,
228,
212,
231,
219,
221,
252,
269,
266,
309,
323,
316,
337,
370,
359,
345,
385,
378,
375,
371,
378,
385,
389,
427,
406,
382,
415,
404,
439,
432,
425,
482,
472,
487,
473,
480,
527,
510,
534,
510,
520,
553,
513,
508,
515,
515,
532,
555,
548,
550,
567,
595,
603,
608,
610,
650,
617,
634,
653,
645,
667,
645,
674,
674,
679,
688,
690,
688,
657,
678,
662,
660,
660,
650,
607,
591,
624,
636,
589,
586,
586,
558,
560,
570,
570,
525,
541,
512,
506,
494,
432,
425,
418,
427,
392,
394,
406,
380,
382,
358,
373,
347,
320,
354,
314,
321,
325,
297,
299,
299,
297,
287,
252,
219,
209,
207,
207,
188,
202,
174,
188,
202,
200,
219,
186,
178,
178,
164,
192,
166,
171,
183,
155,
143,
131,
148,
115,
110,
124,
119,
141,
136,
122,
108,
110,
121,
96,
107,
107,
86,
77,
50,
51,
10,
5,
22,
10,
24,
55,
46,
58,
65,
39,
57,
69,
53,
79,
83,
83,
48,
84,
89,
76,
70,
81,
86,
60,
70,
69,
50,
57,
74,
41,
77,
69,
43,
77,
89,
86,
107,
95,
88,
100,
124,
107,
91,
112,
74,
117,
100,
114,
114,
107,
126,
102,
79,
95,
102,
124,
134,
115,
105,
89,
107,
119,
126,
76,
25,
29,
20,
32,
1,
29,
31,
41,
46,
24,
36,
34,
31,
5,
12,
-10,
-24,
-27,
-34,
-57,
-98,
-74,
-81,
-110,
-108,
-95,
-84,
-89,
-62,
-88,
-103,
-110,
-107,
-110,
-131,
-143,
-143,
-147,
-136,
-122,
-131,
-164,
-171,
-166,
-195,
-202,
-174,
-195,
-181,
-181,
-190,
-193,
-224,
-226,
-224,
-224,
-214,
-221,
-254,
-245,
-200,
-186,
-219,
-226,
-214,
-256,
-269,
-254,
-259,
-266,
-240,
-216,
-221,
-205,
-235,
-299,
-259,
-276,
-304,
-257,
-212,
-257,
-238,
-240,
-245,
-235,
-226,
-221,
-242,
-238,
-250,
-235,
-250,
-226,
-233,
-247,
-238,
-250,
-257,
-264,
-245,
-235,
-224,
-238,
-216,
-236,
-261,
-262,
-243,
-226,
-223,
-242,
-238,
-223,
-207,
-200,
-181,
-181,
-159,
-143,
-169,
-172,
-157,
-181,
-207,
-228,
-235,
-238,
-221,
-226,
-195,
-205,
-181,
-157,
-176,
-176,
-176,
-172,
-181,
-176,
-219,
-228,
-235,
-221,
-205,
-214,
-178,
-176,
-172,
-162,
-141,
-133,
-114,
-147,
-169,
-157,
-174,
-155,
-124,
-74,
-84,
-79,
-58,
-46,
-20,
-27,
5,
-12,
1,
46,
24,
31,
34,
24,
10,
5,
70,
51,
34,
20,
22,
39,
6,
-1,
3,
-1,
-12,
-6,
-29,
-38,
-12,
19,
25,
36,
50,
91,
84,
58,
53,
76,
88,
67,
77,
36,
51,
55,
41,
55,
91,
95,
72,
91,
84,
72,
67,
64,
76,
88,
74,
72,
60,
46,
39,
39,
20,
29,
72,
39,
60,
53,
77,
98,
81,
88,
53,
64,
69,
81,
81,
84,
95,
81,
107,
108,
108,
150,
164,
171,
195,
202,
243,
238,
238,
271,
226,
238,
233,
221,
216,
226,
226,
231,
261,
249,
307,
321,
294,
254,
276,
273,
254,
281,
268,
275,
261,
257,
283,
285,
245,
256,
256,
233,
202,
217,
214,
193,
179,
152,
164,
178,
169,
181,
179,
200,
162,
178,
171,
143,
124,
105,
131,
131,
88,
126,
138,
150,
122,
119,
129,
138,
157,
155,
138,
129,
136,
129,
131,
133,
103,
148,
152,
145,
178,
204,
179,
174,
192,
214,
209,
195,
186,
209,
231,
193,
186,
176,
181,
159,
148,
147,
171,
167,
128,
105,
121,
119,
79,
91,
65,
46,
53,
55,
34,
-13,
-20,
-39,
-32,
-58,
-58,
-53,
-74,
-93,
-100,
-100,
-114,
-103,
-88,
-121,
-155,
-166,
-152,
-166,
-176,
-150,
-133,
-141,
-155,
-145,
-216,
-214,
-205,
-219,
-188,
-197,
-233,
-290,
-311,
-295,
-273,
-290,
-302,
-295,
-285,
-261,
-257,
-257,
-299,
-311,
-283,
-330,
-351,
-358,
-356,
-366,
-373,
-354,
-401,
-370,
-389,
-418,
-415,
-401,
-387,
-373,
-404,
-408,
-423,
-415,
-403,
-401,
-420,
-423,
-449,
-482,
-475,
-463,
-468,
-484,
-479,
-480,
-453,
-494,
-456,
-465,
-470,
-475,
-491,
-470,
-496,
-479,
-458,
-461,
-522,
-513,
-517,
-503,
-499,
-484,
-491,
-510,
-501,
-484,
-494,
-467,
-453,
-480,
-505,
-451,
-448,
-430,
-389,
-385,
-396,
-399,
-382,
-385,
-404,
-401,
-390,
-390,
-390,
-387,
-382,
-387,
-392,
-370,
-337,
-335,
-342,
-370,
-385,
-354,
-366,
-361,
-345,
-352,
-340,
-318,
-316,
-299,
-273,
-306,
-326,
-299,
-273,
-273,
-247,
-245,
-228,
-205,
-171,
-178,
-192,
-192,
-178,
-179,
-145,
-145,
-131,
-148,
-148,
-136,
-155,
-157,
-157,
-148,
-160,
-134,
-157,
-136,
-145,
-129,
-129,
-159,
-150,
-141,
-162,
-169,
-164,
-193,
-200,
-197,
-200,
-207,
-240,
-233,
-250,
-243,
-242,
-273,
-281,
-285,
-257,
-290,
-292,
-290,
-290,
-314,
-320,
-306,
-304,
-304,
-323,
-325,
-314,
-314,
-342,
-333,
-368,
-363,
-370,
-356,
-361,
-358,
-361,
-354,
-337,
-370,
-366,
-356,
-340,
-347,
-332,
-366,
-363,
-337,
-340,
-330,
-328,
-318,
-311,
-280,
-283,
-290,
-259,
-252,
-217,
-202,
-185,
-183,
-155,
-152,
-157,
-115,
-84,
-114,
-112,
-91,
-70,
-55,
-27,
-3,
-8,
-3,
31,
58,
65,
84,
74,
108,
105,
138,
145,
159,
190,
223,
209,
221,
209,
216,
217,
216,
250,
228,
240,
202,
190,
195,
221,
235,
235,
261,
290,
292,
302,
321,
325,
297,
333,
328,
335,
335,
340,
337,
377,
394,
396,
437,
442,
422,
477,
482,
508,
517,
491,
475,
496,
486,
460,
484,
456,
446,
453,
468,
439,
451,
441,
442,
461,
461,
479,
465,
479,
446,
458,
477,
470,
444,
411,
428,
427,
399,
425,
415,
415,
442,
458,
446,
442,
434,
420,
406,
403,
394,
439,
411,
382,
363,
349,
380,
375,
333,
359,
361,
344,
320,
328,
306,
304,
318,
269,
252,
252,
212,
217,
238,
200,
240,
238,
211,
209,
214,
209,
212,
181,
179,
212,
198,
188,
190,
155,
190,
224,
217,
231,
233,
271,
252,
287,
302,
311,
306,
325,
332,
316,
294,
295,
333,
335,
339,
359,
352,
347,
359,
370,
361,
403,
396,
408,
434,
406,
392,
408,
377,
373,
363,
321,
347,
333,
328,
371,
387,
375,
349,
387,
380,
363,
382,
361,
385,
408,
394,
392,
439,
425,
416,
408,
401,
404,
413,
359,
354,
356,
363,
342,
328,
330,
340,
344,
311,
332,
332,
302,
278,
306,
321,
328,
344,
354,
344,
342,
349,
337,
352,
318,
321,
316,
316,
304,
287,
313,
276,
235,
245,
224,
236,
235,
238,
247,
216,
207,
183,
148,
153,
129,
133,
110,
122,
103,
83,
81,
88,
81,
93,
72,
53,
29,
41,
34,
3,
22,
39,
0,
3,
-1,
19,
1,
-20,
-6,
3,
-8,
-24,
-3,
-19,
13,
20,
-5,
1,
-41,
-15,
-19,
-15,
-12,
-50,
-103,
-88,
-100,
-119,
-112,
-140,
-171,
-152,
-131,
-183,
-221,
-209,
-240,
-266,
-287,
-283,
-280,
-261,
-257,
-295,
-323,
-318,
-326,
-323,
-325,
-356,
-335,
-351,
-370,
-352,
-359,
-337,
-333,
-373,
-380,
-361,
-356,
-340,
-356,
-356,
-364,
-370,
-389,
-375,
-352,
-352,
-359,
-382,
-342,
-325,
-321,
-316,
-294,
-256,
-247,
-188,
-193,
-207,
-174,
-230,
-209,
-185,
-162,
-153,
-157,
-145,
-134,
-124,
-124,
-119,
-102,
-88,
-88,
-114,
-108,
-114,
-96,
-89,
-95,
-84,
-74,
-44,
-64,
-50,
-64,
-50,
-43,
-22,
-43,
-39,
-31,
-53,
-46,
-17,
-22,
12,
-27,
-24,
-15,
-24,
-17,
-22,
-39,
-39,
-20,
-36,
-55,
-72,
-67,
-48,
-67,
-79,
-67,
-55,
-76,
-77,
-86,
-55,
-77,
-65,
-76,
-55,
-36,
-6,
-1,
1,
-1,
-41,
-5,
1,
24,
55,
38,
79,
72,
70,
69,
46,
62,
65,
46,
55,
74,
83,
117,
129,
96,
110,
148,
153,
148,
133,
150,
159,
183,
157,
153,
148,
155,
178,
143,
119,
157,
171,
197,
193,
181,
219,
221,
197,
195,
200,
212,
202,
188,
202,
219,
205,
195,
197,
205,
195,
183,
178,
178,
190,
164,
171,
169,
181,
179,
147,
150,
126,
124,
114,
126,
159,
152,
133,
136,
143,
136,
131,
148,
126,
107,
114,
126,
122,
140,
167,
167,
195,
211,
200,
190,
202,
193,
183,
193,
188,
148,
148,
119,
102,
107,
143,
136,
124,
134,
121,
107,
108,
};